pose_world_0_x,pose_world_0_y,pose_world_0_z,pose_world_0_visibility,pose_world_1_x,pose_world_1_y,pose_world_1_z,pose_world_1_visibility,pose_world_2_x,pose_world_2_y,pose_world_2_z,pose_world_2_visibility,pose_world_3_x,pose_world_3_y,pose_world_3_z,pose_world_3_visibility,pose_world_4_x,pose_world_4_y,pose_world_4_z,pose_world_4_visibility,pose_world_5_x,pose_world_5_y,pose_world_5_z,pose_world_5_visibility,pose_world_6_x,pose_world_6_y,pose_world_6_z,pose_world_6_visibility,pose_world_7_x,pose_world_7_y,pose_world_7_z,pose_world_7_visibility,pose_world_8_x,pose_world_8_y,pose_world_8_z,pose_world_8_visibility,pose_world_9_x,pose_world_9_y,pose_world_9_z,pose_world_9_visibility,pose_world_10_x,pose_world_10_y,pose_world_10_z,pose_world_10_visibility,pose_world_11_x,pose_world_11_y,pose_world_11_z,pose_world_11_visibility,pose_world_12_x,pose_world_12_y,pose_world_12_z,pose_world_12_visibility,pose_world_13_x,pose_world_13_y,pose_world_13_z,pose_world_13_visibility,pose_world_14_x,pose_world_14_y,pose_world_14_z,pose_world_14_visibility,pose_world_15_x,pose_world_15_y,pose_world_15_z,pose_world_15_visibility,pose_world_16_x,pose_world_16_y,pose_world_16_z,pose_world_16_visibility,pose_world_17_x,pose_world_17_y,pose_world_17_z,pose_world_17_visibility,pose_world_18_x,pose_world_18_y,pose_world_18_z,pose_world_18_visibility,pose_world_19_x,pose_world_19_y,pose_world_19_z,pose_world_19_visibility,pose_world_20_x,pose_world_20_y,pose_world_20_z,pose_world_20_visibility,pose_world_21_x,pose_world_21_y,pose_world_21_z,pose_world_21_visibility,pose_world_22_x,pose_world_22_y,pose_world_22_z,pose_world_22_visibility,pose_world_23_x,pose_world_23_y,pose_world_23_z,pose_world_23_visibility,pose_world_24_x,pose_world_24_y,pose_world_24_z,pose_world_24_visibility,pose_world_25_x,pose_world_25_y,pose_world_25_z,pose_world_25_visibility,pose_world_26_x,pose_world_26_y,pose_world_26_z,pose_world_26_visibility,pose_world_27_x,pose_world_27_y,pose_world_27_z,pose_world_27_visibility,pose_world_28_x,pose_world_28_y,pose_world_28_z,pose_world_28_visibility,pose_world_29_x,pose_world_29_y,pose_world_29_z,pose_world_29_visibility,pose_world_30_x,pose_world_30_y,pose_world_30_z,pose_world_30_visibility,pose_world_31_x,pose_world_31_y,pose_world_31_z,pose_world_31_visibility,pose_world_32_x,pose_world_32_y,pose_world_32_z,pose_world_32_visibility,frame,timestamp,right_hand_0_x,right_hand_0_y,right_hand_0_z,right_hand_0_visibility,right_hand_1_x,right_hand_1_y,right_hand_1_z,right_hand_1_visibility,right_hand_2_x,right_hand_2_y,right_hand_2_z,right_hand_2_visibility,right_hand_3_x,right_hand_3_y,right_hand_3_z,right_hand_3_visibility,right_hand_4_x,right_hand_4_y,right_hand_4_z,right_hand_4_visibility,right_hand_5_x,right_hand_5_y,right_hand_5_z,right_hand_5_visibility,right_hand_6_x,right_hand_6_y,right_hand_6_z,right_hand_6_visibility,right_hand_7_x,right_hand_7_y,right_hand_7_z,right_hand_7_visibility,right_hand_8_x,right_hand_8_y,right_hand_8_z,right_hand_8_visibility,right_hand_9_x,right_hand_9_y,right_hand_9_z,right_hand_9_visibility,right_hand_10_x,right_hand_10_y,right_hand_10_z,right_hand_10_visibility,right_hand_11_x,right_hand_11_y,right_hand_11_z,right_hand_11_visibility,right_hand_12_x,right_hand_12_y,right_hand_12_z,right_hand_12_visibility,right_hand_13_x,right_hand_13_y,right_hand_13_z,right_hand_13_visibility,right_hand_14_x,right_hand_14_y,right_hand_14_z,right_hand_14_visibility,right_hand_15_x,right_hand_15_y,right_hand_15_z,right_hand_15_visibility,right_hand_16_x,right_hand_16_y,right_hand_16_z,right_hand_16_visibility,right_hand_17_x,right_hand_17_y,right_hand_17_z,right_hand_17_visibility,right_hand_18_x,right_hand_18_y,right_hand_18_z,right_hand_18_visibility,right_hand_19_x,right_hand_19_y,right_hand_19_z,right_hand_19_visibility,right_hand_20_x,right_hand_20_y,right_hand_20_z,right_hand_20_visibility,left_hand_0_x,left_hand_0_y,left_hand_0_z,left_hand_0_visibility,left_hand_1_x,left_hand_1_y,left_hand_1_z,left_hand_1_visibility,left_hand_2_x,left_hand_2_y,left_hand_2_z,left_hand_2_visibility,left_hand_3_x,left_hand_3_y,left_hand_3_z,left_hand_3_visibility,left_hand_4_x,left_hand_4_y,left_hand_4_z,left_hand_4_visibility,left_hand_5_x,left_hand_5_y,left_hand_5_z,left_hand_5_visibility,left_hand_6_x,left_hand_6_y,left_hand_6_z,left_hand_6_visibility,left_hand_7_x,left_hand_7_y,left_hand_7_z,left_hand_7_visibility,left_hand_8_x,left_hand_8_y,left_hand_8_z,left_hand_8_visibility,left_hand_9_x,left_hand_9_y,left_hand_9_z,left_hand_9_visibility,left_hand_10_x,left_hand_10_y,left_hand_10_z,left_hand_10_visibility,left_hand_11_x,left_hand_11_y,left_hand_11_z,left_hand_11_visibility,left_hand_12_x,left_hand_12_y,left_hand_12_z,left_hand_12_visibility,left_hand_13_x,left_hand_13_y,left_hand_13_z,left_hand_13_visibility,left_hand_14_x,left_hand_14_y,left_hand_14_z,left_hand_14_visibility,left_hand_15_x,left_hand_15_y,left_hand_15_z,left_hand_15_visibility,left_hand_16_x,left_hand_16_y,left_hand_16_z,left_hand_16_visibility,left_hand_17_x,left_hand_17_y,left_hand_17_z,left_hand_17_visibility,left_hand_18_x,left_hand_18_y,left_hand_18_z,left_hand_18_visibility,left_hand_19_x,left_hand_19_y,left_hand_19_z,left_hand_19_visibility,left_hand_20_x,left_hand_20_y,left_hand_20_z,left_hand_20_visibility
-0.07256472110748291,-0.5961618423461914,-0.31657546758651733,0.9997192025184631,-0.05123157799243927,-0.6343335509300232,-0.31093448400497437,0.9994515776634216,-0.05156642571091652,-0.6337754726409912,-0.31278979778289795,0.9995300769805908,-0.05119656026363373,-0.6336401104927063,-0.3110754191875458,0.9994235038757324,-0.09032097458839417,-0.6369656920433044,-0.30300816893577576,0.9994100332260132,-0.08833328634500504,-0.637669563293457,-0.3028937876224518,0.9994593262672424,-0.08886517584323883,-0.6366204023361206,-0.29909834265708923,0.9992848038673401,0.060456521809101105,-0.6181964874267578,-0.23373697698116302,0.9994995594024658,-0.0953071266412735,-0.6270121932029724,-0.16860361397266388,0.9992226362228394,-0.03457915782928467,-0.5663343667984009,-0.295465350151062,0.9998825788497925,-0.07978830486536026,-0.56705641746521,-0.2759789824485779,0.999841570854187,0.18103331327438354,-0.41052520275115967,-0.19408273696899414,0.9994673132896423,-0.15435847640037537,-0.43422994017601013,-0.11982175707817078,0.999470055103302,0.2073741853237152,-0.15069928765296936,-0.19217677414417267,0.7994015216827393,-0.19506733119487762,-0.22475941479206085,-0.08974998444318771,0.7005994319915771,0.21372802555561066,0.0397224947810173,-0.2801029086112976,0.08856698125600815,-0.2230706661939621,-0.08573102951049805,-0.21617917716503143,0.10467018932104111,0.21879592537879944,0.11344143003225327,-0.29332485795021057,0.07515823841094971,-0.22326777875423431,-0.026128141209483147,-0.21841776371002197,0.08840981125831604,0.18643704056739807,0.12278567999601364,-0.3493785858154297,0.12881194055080414,-0.22233101725578308,-0.007241816259920597,-0.2707444429397583,0.1329880952835083,0.19194823503494263,0.058988798409700394,-0.3048805892467499,0.10975207388401031,-0.21346545219421387,-0.06158957630395889,-0.24111585319042206,0.12696249783039093,0.11001008749008179,-0.009915225207805634,-0.011514144018292427,0.029661979526281357,-0.10807497054338455,0.0017193093663081527,0.013715919107198715,0.04024277627468109,0.04735274612903595,-0.06585901975631714,-0.06803300976753235,0.05352863296866417,-0.09813263267278671,0.06232741102576256,-0.13233578205108643,0.0938868448138237,0.13139116764068604,0.21121731400489807,0.24357041716575623,0.015425977297127247,-0.12196368724107742,0.4489130973815918,0.2101687341928482,0.04039162024855614,0.1354363113641739,0.22622106969356537,0.27536359429359436,0.006985251326113939,-0.12634143233299255,0.46739286184310913,0.26245322823524475,0.015081188641488552,0.1590418666601181,0.184486523270607,0.023983510211110115,0.015028209425508976,-0.17716394364833832,0.45630985498428345,0.06914360076189041,0.02619239129126072,0,0.0,,,,,,,,,,,,,,,,,,,,,,,,,,,,,,,,,,,,,,,,,,,,,,,,,,,,,,,,,,,,,,,,,,,,,,,,,,,,,,,,,,,,,,,,,,,,,,,,,,,,,,,,,,,,,,,,,,,,,,,,,,,,,,,,,,,,,,,,,,,,,,,,,,,,,,,,,,,,,,,,,,,,,,,,
-0.07220775634050369,-0.5965594053268433,-0.31060972809791565,0.9997267723083496,-0.051159609109163284,-0.634969174861908,-0.304621160030365,0.9994686841964722,-0.05149863287806511,-0.6344296336174011,-0.3064199686050415,0.9995438456535339,-0.05113113671541214,-0.6342886686325073,-0.30465638637542725,0.999439537525177,-0.09018024802207947,-0.6376145482063293,-0.29765281081199646,0.9994300007820129,-0.08818595111370087,-0.6382889747619629,-0.2976052463054657,0.9994781613349915,-0.08872416615486145,-0.6372610330581665,-0.29377368092536926,0.9993109107017517,0.059238944202661514,-0.6197992563247681,-0.2249518185853958,0.9995102286338806,-0.09606152027845383,-0.6285129189491272,-0.16502070426940918,0.9992560148239136,-0.03455391153693199,-0.5671321749687195,-0.2883526384830475,0.9998821020126343,-0.07972575724124908,-0.567789614200592,-0.2705398201942444,0.9998414516448975,0.17988671362400055,-0.41616350412368774,-0.18425798416137695,0.9994385838508606,-0.15660551190376282,-0.4365130364894867,-0.11693426221609116,0.9994537830352783,0.2093845158815384,-0.16065606474876404,-0.1876053512096405,0.7998030185699463,-0.19952499866485596,-0.22475692629814148,-0.1059233620762825,0.7054014801979065,0.21549631655216217,0.030183307826519012,-0.2800433039665222,0.09289049357175827,-0.20890600979328156,-0.08568467944860458,-0.25754186511039734,0.11110901087522507,0.21999125182628632,0.10126938670873642,-0.2938798666000366,0.07828018069267273,-0.2042188048362732,-0.026389822363853455,-0.26870226860046387,0.09352117031812668,0.18722887337207794,0.11002574861049652,-0.34941574931144714,0.13331764936447144,-0.19776850938796997,-0.008687514811754227,-0.31321048736572266,0.1397572010755539,0.19398419559001923,0.04871220886707306,-0.30484887957572937,0.11422357708215714,-0.19677332043647766,-0.061668019741773605,-0.27962586283683777,0.13342273235321045,0.11000073701143265,-0.010740073397755623,-0.0109720379114151,0.031154800206422806,-0.10808433592319489,0.002335679018869996,0.013171377591788769,0.041734348982572556,0.0654965341091156,-0.0666552260518074,-0.0717087909579277,0.05446320399641991,-0.09522880613803864,0.09567829966545105,-0.12537185847759247,0.092046819627285,0.1612592339515686,0.2130257487297058,0.19119542837142944,0.015486858785152435,-0.11385615915060043,0.4535977840423584,0.19631707668304443,0.03930153325200081,0.1666741818189621,0.2282133549451828,0.2176215499639511,0.00693937623873353,-0.11561566591262817,0.47107189893722534,0.24289514124393463,0.01469733752310276,0.19775287806987762,0.18990319967269897,-0.028701940551400185,0.015305601060390472,-0.16032864153385162,0.46859052777290344,0.05258740484714508,0.025879349559545517,1,0.033,,,,,,,,,,,,,,,,,,,,,,,,,,,,,,,,,,,,,,,,,,,,,,,,,,,,,,,,,,,,,,,,,,,,,,,,,,,,,,,,,,,,,,,,,,,,,,,,,,,,,,,,,,,,,,,,,,,,,,,,,,,,,,,,,,,,,,,,,,,,,,,,,,,,,,,,,,,,,,,,,,,,,,,,
-0.07120856642723083,-0.5969852805137634,-0.3084956705570221,0.9997290968894958,-0.050722334533929825,-0.6354624629020691,-0.30266550183296204,0.9994760751724243,-0.05107452720403671,-0.6349420547485352,-0.3044849634170532,0.9995494484901428,-0.05070020630955696,-0.6348153352737427,-0.30268439650535583,0.9994466304779053,-0.08935990184545517,-0.6380729079246521,-0.2960529625415802,0.9994379281997681,-0.08735176920890808,-0.6387394070625305,-0.29602840542793274,0.9994851350784302,-0.08790972828865051,-0.6377255320549011,-0.29218050837516785,0.999321460723877,0.05852252617478371,-0.6209233999252319,-0.2231101244688034,0.9995139837265015,-0.09609666466712952,-0.6292855739593506,-0.16490989923477173,0.9992695450782776,-0.03427087515592575,-0.567931056022644,-0.28623396158218384,0.9998788833618164,-0.07916023582220078,-0.5684756636619568,-0.26912224292755127,0.9998379945755005,0.17956523597240448,-0.418366014957428,-0.17985670268535614,0.999414324760437,-0.15685856342315674,-0.43859338760375977,-0.1165175810456276,0.9994297027587891,0.21569150686264038,-0.16249749064445496,-0.18321871757507324,0.801891028881073,-0.19944874942302704,-0.22474907338619232,-0.10714274644851685,0.7103715538978577,0.22213710844516754,0.030587967485189438,-0.279485285282135,0.10153272747993469,-0.20694510638713837,-0.08174135535955429,-0.2537100315093994,0.12169018387794495,0.22682857513427734,0.10190650075674057,-0.2940198481082916,0.08525898307561874,-0.20375217497348785,-0.022584469988942146,-0.2661696672439575,0.10219965130090714,0.19349034130573273,0.1102275624871254,-0.3492250144481659,0.14244332909584045,-0.1965465247631073,-0.007704689633101225,-0.3102736473083496,0.15041492879390717,0.20085515081882477,0.04912662133574486,-0.3042553663253784,0.12309090793132782,-0.19482246041297913,-0.05872201919555664,-0.275865375995636,0.14390061795711517,0.10999792814254761,-0.01074160449206829,-0.010482098907232285,0.03497340530157089,-0.1080969050526619,0.002322453074157238,0.012679794803261757,0.04607716575264931,0.07673266530036926,-0.0577719509601593,-0.07158485054969788,0.05619056150317192,-0.09322554618120193,0.1020536720752716,-0.12555168569087982,0.09300192445516586,0.16695520281791687,0.22441527247428894,0.18604467809200287,0.015678981319069862,-0.10451728105545044,0.45825842022895813,0.1693064570426941,0.03930462524294853,0.17211979627609253,0.23982135951519012,0.21161851286888123,0.006999975070357323,-0.104379802942276,0.47527608275413513,0.21101893484592438,0.014765681698918343,0.20516981184482574,0.20705917477607727,-0.028259122744202614,0.015789557248353958,-0.14443819224834442,0.477830708026886,0.021222326904535294,0.026486443355679512,2,0.066,,,,,,,,,,,,,,,,,,,,,,,,,,,,,,,,,,,,,,,,,,,,,,,,,,,,,,,,,,,,,,,,,,,,,,,,,,,,,,,,,,,,,,,,,,,,,,,,,,,,,,,,,,,,,,,,,,,,,,,,,,,,,,,,,,,,,,,,,,,,,,,,,,,,,,,,,,,,,,,,,,,,,,,,
-0.07118623703718185,-0.597899854183197,-0.3080606758594513,0.9997332096099854,-0.050763797014951706,-0.6362481713294983,-0.30221039056777954,0.9994843602180481,-0.051116492599248886,-0.6357576847076416,-0.3040163516998291,0.999555766582489,-0.05074099451303482,-0.6356440186500549,-0.30221301317214966,0.9994521141052246,-0.08935980498790741,-0.6388379335403442,-0.29581356048583984,0.9994487166404724,-0.08735020458698273,-0.6395043730735779,-0.2958080768585205,0.9994954466819763,-0.08790897578001022,-0.6385026574134827,-0.29196542501449585,0.999335765838623,0.05631757900118828,-0.6219413876533508,-0.22220951318740845,0.9995141625404358,-0.09761077165603638,-0.6300674080848694,-0.16497491300106049,0.9992859363555908,-0.03447466343641281,-0.5691484212875366,-0.28560876846313477,0.9998741745948792,-0.07927019149065018,-0.5695568323135376,-0.2688952386379242,0.9998360276222229,0.1776580959558487,-0.42041414976119995,-0.1774681955575943,0.9993877410888672,-0.15957345068454742,-0.4398161768913269,-0.116471067070961,0.9994159936904907,0.21845299005508423,-0.16582083702087402,-0.18103860318660736,0.8055253624916077,-0.20215953886508942,-0.22452692687511444,-0.10702312737703323,0.7171885371208191,0.22352953255176544,0.02987823076546192,-0.2779386639595032,0.1101648136973381,-0.2084404081106186,-0.0703209862112999,-0.2500213384628296,0.13122519850730896,0.22849781811237335,0.10062533617019653,-0.29382002353668213,0.0916568785905838,-0.20600779354572296,-0.009975241497159004,-0.25969845056533813,0.10962596535682678,0.19436785578727722,0.1075173020362854,-0.34774866700172424,0.15054921805858612,-0.19744627177715302,0.003223830834031105,-0.30580586194992065,0.15941402316093445,0.202138289809227,0.0478692352771759,-0.30247852206230164,0.13072071969509125,-0.19597351551055908,-0.047544240951538086,-0.27336856722831726,0.15281081199645996,0.10994736850261688,-0.010773592628538609,-0.009581699967384338,0.040720053017139435,-0.10810276865959167,0.0023396385367959738,0.01171069871634245,0.05379574000835419,0.08185470104217529,-0.03251001238822937,-0.06703147292137146,0.0579540878534317,-0.08743099868297577,0.12568289041519165,-0.13228289783000946,0.09630770981311798,0.1732531040906906,0.24721269309520721,0.18245646357536316,0.015956701710820198,-0.09528718143701553,0.47196391224861145,0.12950371205806732,0.040511276572942734,0.1789388805627823,0.26363927125930786,0.206996887922287,0.007086313329637051,-0.09497319906949997,0.49030229449272156,0.16716842353343964,0.015143836848437786,0.2139042615890503,0.24304835498332977,-0.023249110206961632,0.01646842248737812,-0.13358174264431,0.5006545782089233,-0.01827206462621689,0.028175462037324905,3,0.1,,,,,,,,,,,,,,,,,,,,,,,,,,,,,,,,,,,,,,,,,,,,,,,,,,,,,,,,,,,,,,,,,,,,,,,,,,,,,,,,,,,,,,,,,,,,,,,,,,,,,,,,,,,,,,,,,,,,,,,,,,,,,,,,,,,,,,,,,,,,,,,,,,,,,,,,,,,,,,,,,,,,,,,,
-0.07009042054414749,-0.5993707776069641,-0.30382248759269714,0.9997339844703674,-0.049962252378463745,-0.6375316381454468,-0.2979358434677124,0.9994842410087585,-0.05031578242778778,-0.637077808380127,-0.29967960715293884,0.9995537400245667,-0.04993834346532822,-0.6369768977165222,-0.2978629767894745,0.9994451999664307,-0.0881057009100914,-0.6402055621147156,-0.2920612692832947,0.999453067779541,-0.08605978637933731,-0.6408770084381104,-0.29213234782218933,0.9995012283325195,-0.08662927895784378,-0.6398918628692627,-0.28832122683525085,0.9993441104888916,0.05607808381319046,-0.6229479312896729,-0.21818511188030243,0.9995051622390747,-0.09749957919120789,-0.6312217712402344,-0.16393162310123444,0.9992991089820862,-0.034253183752298355,-0.5706479549407959,-0.2814571261405945,0.999866783618927,-0.07877034693956375,-0.5709967613220215,-0.26571401953697205,0.9998324513435364,0.1771092414855957,-0.42216479778289795,-0.17422345280647278,0.9993333220481873,-0.16036148369312286,-0.4415351450443268,-0.1139775961637497,0.999398410320282,0.22117982804775238,-0.1694701910018921,-0.1804174780845642,0.8112755417823792,-0.20306657254695892,-0.22599464654922485,-0.1089010015130043,0.7250436544418335,0.22410719096660614,0.029734617099165916,-0.2777952551841736,0.12123554199934006,-0.21028658747673035,-0.07020286470651627,-0.2531490623950958,0.14279046654701233,0.22893977165222168,0.10033518821001053,-0.2945551574230194,0.09943490475416183,-0.2090253382921219,-0.01038752868771553,-0.26661184430122375,0.11846284568309784,0.19429701566696167,0.10649789124727249,-0.34775593876838684,0.1605476289987564,-0.19935016334056854,0.002993243746459484,-0.31187134981155396,0.1701340228319168,0.20251426100730896,0.04753388836979866,-0.3023361563682556,0.13967618346214294,-0.19791114330291748,-0.04744166508316994,-0.27569836378097534,0.1629871428012848,0.10970232635736465,-0.01087412890046835,-0.009302348829805851,0.045294053852558136,-0.10807081311941147,0.0023687928915023804,0.011395424604415894,0.05976022779941559,0.08109716325998306,-0.020031217485666275,-0.06578047573566437,0.06044448912143707,-0.08582475036382675,0.14511220157146454,-0.13763020932674408,0.0991070345044136,0.1726645976305008,0.2555735409259796,0.1656208485364914,0.01614023931324482,-0.09501505643129349,0.4749273955821991,0.1099807471036911,0.041044581681489944,0.17823632061481476,0.2717393934726715,0.18802212178707123,0.007108910009264946,-0.09530159831047058,0.4934002459049225,0.14518408477306366,0.015307076275348663,0.2140837460756302,0.25508007407188416,-0.03198651969432831,0.0171123705804348,-0.136417955160141,0.5067414045333862,-0.03719673305749893,0.02946673147380352,4,0.133,,,,,,,,,,,,,,,,,,,,,,,,,,,,,,,,,,,,,,,,,,,,,,,,,,,,,,,,,,,,,,,,,,,,,,,,,,,,,,,,,,,,,,,,,,,,,,,,,,,,,,,,,,,,,,,,,,,,,,,,,,,,,,,,,,,,,,,,,,,,,,,,,,,,,,,,,,,,,,,,,,,,,,,,
-0.06883176416158676,-0.6001312136650085,-0.30184468626976013,0.9997323155403137,-0.04913974925875664,-0.6381902694702148,-0.29588064551353455,0.9994816780090332,-0.04949260503053665,-0.6377497315406799,-0.2976027727127075,0.9995502233505249,-0.049118537455797195,-0.6376580595970154,-0.2957794666290283,0.9994383454322815,-0.08699524402618408,-0.6408277153968811,-0.29044243693351746,0.9994524121284485,-0.08492466807365417,-0.641497015953064,-0.2905333936214447,0.9995017647743225,-0.08549346029758453,-0.6405165791511536,-0.2867359519004822,0.9993466138839722,0.05556334927678108,-0.6235895752906799,-0.21605493128299713,0.9994913339614868,-0.09749522060155869,-0.6316704750061035,-0.16363640129566193,0.999303936958313,-0.0338989719748497,-0.5715136528015137,-0.27951544523239136,0.99985671043396,-0.07814698666334152,-0.5717519521713257,-0.2643108367919922,0.9998235702514648,0.17545349895954132,-0.42363646626472473,-0.1716756969690323,0.9992751479148865,-0.16086146235466003,-0.44223761558532715,-0.11392226070165634,0.9993689060211182,0.22221225500106812,-0.17304182052612305,-0.18018855154514313,0.8124906420707703,-0.20652638375759125,-0.22915750741958618,-0.10942566394805908,0.7329283952713013,0.2258073389530182,0.026574520394206047,-0.27786749601364136,0.12556098401546478,-0.222923144698143,-0.07313396036624908,-0.25054022669792175,0.15154731273651123,0.23124946653842926,0.09629054367542267,-0.2951308786869049,0.10244311392307281,-0.22471481561660767,-0.015535428188741207,-0.26272332668304443,0.12491297721862793,0.19610705971717834,0.10104402154684067,-0.3478836417198181,0.1642879992723465,-0.21752585470676422,-0.0037193656899034977,-0.308700293302536,0.17815463244915009,0.20427224040031433,0.0437021404504776,-0.30246421694755554,0.14319662749767303,-0.21225124597549438,-0.05105762556195259,-0.273296594619751,0.1707891821861267,0.10915158689022064,-0.010919108986854553,-0.008802438154816628,0.047143254429101944,-0.1078004315495491,0.0023718634620308876,0.010869499295949936,0.06195233762264252,0.07912544906139374,-0.023324264213442802,-0.06580137461423874,0.06073502451181412,-0.08608804643154144,0.1429014652967453,-0.13793659210205078,0.0987938866019249,0.1699008196592331,0.2547430396080017,0.15250764787197113,0.01610088348388672,-0.09613539278507233,0.4745119512081146,0.11407836526632309,0.04052266106009483,0.17529736459255219,0.27056917548179626,0.17424538731575012,0.007056464906781912,-0.09689050167798996,0.4929113984107971,0.15071140229701996,0.015178196132183075,0.21044890582561493,0.2502703368663788,-0.04728545621037483,0.017418168485164642,-0.13926295936107635,0.5043442249298096,-0.03205620497465134,0.029735956341028214,5,0.166,,,,,,,,,,,,,,,,,,,,,,,,,,,,,,,,,,,,,,,,,,,,,,,,,,,,,,,,,,,,,,,,,,,,,,,,,,,,,,,,,,,,,,,,,,,,,,,,,,,,,,,,,,,,,,,,,,,,,,,,,,,,,,,,,,,,,,,,,,,,,,,,,,,,,,,,,,,,,,,,,,,,,,,,
-0.06745295226573944,-0.6001002788543701,-0.3011704087257385,0.9996917843818665,-0.04778550937771797,-0.6380953788757324,-0.29559335112571716,0.9994134902954102,-0.04815143719315529,-0.6376633644104004,-0.29731056094169617,0.9994894862174988,-0.047767892479896545,-0.6375830769538879,-0.2954712510108948,0.9993681311607361,-0.08494376391172409,-0.6407705545425415,-0.29021555185317993,0.9993735551834106,-0.08285754919052124,-0.6414427161216736,-0.29030200839042664,0.9994296431541443,-0.08342833071947098,-0.6404635310173035,-0.28649696707725525,0.9992654919624329,0.055338647216558456,-0.6236071586608887,-0.21623259782791138,0.999419629573822,-0.09654550999403,-0.631818950176239,-0.16388404369354248,0.9992151260375977,-0.0335158109664917,-0.5715212821960449,-0.2789900600910187,0.9998294115066528,-0.07720938324928284,-0.5717874765396118,-0.26394280791282654,0.9997910261154175,0.17340973019599915,-0.4240075349807739,-0.16850025951862335,0.9992421865463257,-0.16077584028244019,-0.4458884000778198,-0.11274293065071106,0.9993488788604736,0.22198252379894257,-0.17321106791496277,-0.17653636634349823,0.8183867931365967,-0.20874491333961487,-0.23887166380882263,-0.0991688221693039,0.7424232959747314,0.2269711196422577,0.0267015527933836,-0.27560922503471375,0.1414889246225357,-0.24343843758106232,-0.0847184881567955,-0.228533074259758,0.1708672046661377,0.23292230069637299,0.09570825099945068,-0.29481232166290283,0.11430888622999191,-0.25215572118759155,-0.03137341886758804,-0.24460725486278534,0.1403759866952896,0.20008255541324615,0.09807737916707993,-0.3465729355812073,0.17903892695903778,-0.2488178312778473,-0.02353314682841301,-0.28864070773124695,0.1964251846075058,0.2063094973564148,0.043207891285419464,-0.300332248210907,0.15646964311599731,-0.23571659624576569,-0.06463874876499176,-0.25064483284950256,0.18775811791419983,0.10792510956525803,-0.01031471136957407,-0.009118384681642056,0.05014429986476898,-0.10694872587919235,0.00157641910482198,0.011153936386108398,0.06483890116214752,0.07778532058000565,-0.020899346098303795,-0.06651903688907623,0.061779242008924484,-0.0881878212094307,0.13893958926200867,-0.124122254550457,0.09829925000667572,0.16296856105327606,0.253152072429657,0.15105891227722168,0.016056468710303307,-0.09664139151573181,0.4738738536834717,0.12673528492450714,0.039775073528289795,0.16729682683944702,0.26862096786499023,0.1726997047662735,0.007027643267065287,-0.09745685756206512,0.49222224950790405,0.1651202291250229,0.015224719420075417,0.20222698152065277,0.24671998620033264,-0.04274410754442215,0.017625609412789345,-0.14324980974197388,0.5008556246757507,-0.020060965791344643,0.02984040230512619,6,0.2,,,,,,,,,,,,,,,,,,,,,,,,,,,,,,,,,,,,,,,,,,,,,,,,,,,,,,,,,,,,,,,,,,,,,,,,,,,,,,,,,,,,,,,,,,,,,,,,,,,,,,,,,,,,,,,,,,,,,,,,,,,,,,,,,,,,,,,,,,,,,,,,,,,,,,,,,,,,,,,,,,,,,,,,
-0.06642714887857437,-0.5999907851219177,-0.3007936179637909,0.9996811747550964,-0.04684712737798691,-0.6379739046096802,-0.29539763927459717,0.9993945360183716,-0.0472218282520771,-0.6375465989112854,-0.2971144914627075,0.9994683265686035,-0.04682670161128044,-0.6374742388725281,-0.29526424407958984,0.9993454813957214,-0.08364267647266388,-0.6407282948493958,-0.2900693118572235,0.9993603825569153,-0.08154945820569992,-0.6414029002189636,-0.29015734791755676,0.9994189739227295,-0.08212573081254959,-0.6404266953468323,-0.28634777665138245,0.9992596507072449,0.05528227984905243,-0.6237508058547974,-0.21586677432060242,0.9993923306465149,-0.09582183510065079,-0.632634699344635,-0.16409249603748322,0.9992087483406067,-0.03316053748130798,-0.5715136528015137,-0.2785327136516571,0.9998183250427246,-0.07653921097517014,-0.5718270540237427,-0.26374077796936035,0.9997807741165161,0.17282934486865997,-0.4245281219482422,-0.16575473546981812,0.9991946816444397,-0.16076156497001648,-0.4498078227043152,-0.11139801889657974,0.9993427395820618,0.22177621722221375,-0.17316080629825592,-0.16820542514324188,0.8217306733131409,-0.20966443419456482,-0.245416060090065,-0.10251596570014954,0.7483479976654053,0.2310960590839386,0.023378858342766762,-0.266935795545578,0.1557820737361908,-0.24430854618549347,-0.1168801337480545,-0.25570136308670044,0.18770623207092285,0.23854218423366547,0.08879587799310684,-0.2890207767486572,0.1264299899339676,-0.2526238262653351,-0.0727628543972969,-0.2794834077358246,0.15511663258075714,0.20890358090400696,0.08783815801143646,-0.34120428562164307,0.19430965185165405,-0.24999375641345978,-0.06880010664463043,-0.32008126378059387,0.21367263793945312,0.2121136486530304,0.03772732987999916,-0.2929357588291168,0.17077480256557465,-0.23680923879146576,-0.10021201521158218,-0.27743247151374817,0.20396654307842255,0.1072741225361824,-0.010317173786461353,-0.009083685465157032,0.053467974066734314,-0.10654316842556,0.0015336559154093266,0.011117291636765003,0.06837449967861176,0.07971344143152237,-0.020936723798513412,-0.05928036570549011,0.06336143612861633,-0.08829101175069809,0.14702822268009186,-0.10440895706415176,0.09754697978496552,0.1622205674648285,0.2525222599506378,0.1596985161304474,0.01627383567392826,-0.09744107723236084,0.47311636805534363,0.13961516320705414,0.039223432540893555,0.16677050292491913,0.26777777075767517,0.18251313269138336,0.0071563683450222015,-0.0980888307094574,0.49180811643600464,0.1700691133737564,0.015361690893769264,0.200837180018425,0.2464267611503601,-0.03955015912652016,0.018100319430232048,-0.1438111662864685,0.5005003213882446,-0.003677850589156151,0.03006640635430813,7,0.233,,,,,,,,,,,,,,,,,,,,,,,,,,,,,,,,,,,,,,,,,,,,,,,,,,,,,,,,,,,,,,,,,,,,,,,,,,,,,,,,,,,,,,,,,,,,,,,,,,,,,,,,,,,,,,,,,,,,,,,,,,,,,,,,,,,,,,,,,,,,,,,,,,,,,,,,,,,,,,,,,,,,,,,,
-0.06616953760385513,-0.5979017019271851,-0.3009507954120636,0.9996458292007446,-0.046838995069265366,-0.6361645460128784,-0.2955474257469177,0.999332845211029,-0.047214075922966,-0.6357570886611938,-0.29727089405059814,0.9994085431098938,-0.04681713134050369,-0.6357168555259705,-0.2954269051551819,0.999278724193573,-0.08355376869440079,-0.6388288140296936,-0.2902715504169464,0.999302864074707,-0.08145839720964432,-0.6395197510719299,-0.29037240147590637,0.9993686676025391,-0.08203457295894623,-0.6385558247566223,-0.2865603566169739,0.9992093443870544,0.05333695933222771,-0.6237836480140686,-0.21609793603420258,0.9993164539337158,-0.09600889682769775,-0.6325886249542236,-0.16662274301052094,0.999155580997467,-0.0331457257270813,-0.5706700086593628,-0.2786482572555542,0.9997925162315369,-0.07639462500810623,-0.5708810687065125,-0.2638062536716461,0.9997553825378418,0.17033377289772034,-0.42639589309692383,-0.16255803406238556,0.9991430640220642,-0.1610758751630783,-0.45120978355407715,-0.1114397644996643,0.9993252158164978,0.2204057276248932,-0.17385701835155487,-0.16127286851406097,0.8233287930488586,-0.2115989774465561,-0.2465394139289856,-0.10347328335046768,0.7530226111412048,0.231187105178833,0.01706392876803875,-0.2603393495082855,0.16856327652931213,-0.24720460176467896,-0.12669265270233154,-0.2574481964111328,0.20169150829315186,0.23886536061763763,0.07883048057556152,-0.283923476934433,0.13730329275131226,-0.25557711720466614,-0.08514627069234848,-0.28088125586509705,0.16746270656585693,0.21094538271427155,0.07468843460083008,-0.3358461856842041,0.2076503038406372,-0.2546239495277405,-0.08400897681713104,-0.32126885652542114,0.22789475321769714,0.21284379065036774,0.028999725356698036,-0.28684765100479126,0.18294541537761688,-0.2403947412967682,-0.1119246557354927,-0.2789860665798187,0.21683204174041748,0.10639944672584534,-0.010299479588866234,-0.008753483183681965,0.05543985217809677,-0.10597249120473862,0.0014469767920672894,0.010760670527815819,0.0701645091176033,0.0794171392917633,-0.01657256670296192,-0.05119677260518074,0.0646686777472496,-0.08837109804153442,0.15413561463356018,-0.09522377699613571,0.0973338857293129,0.15613305568695068,0.25723326206207275,0.1644560992717743,0.016613591462373734,-0.09765692800283432,0.47268471121788025,0.14229358732700348,0.03896809369325638,0.15965154767036438,0.27275580167770386,0.1874925196170807,0.007363864220678806,-0.09872516244649887,0.4915180504322052,0.1749802827835083,0.01563078910112381,0.19912423193454742,0.2557297945022583,-0.034566204994916916,0.01874476671218872,-0.14464104175567627,0.5019398331642151,0.002405488630756736,0.030607102438807487,8,0.266,,,,,,,,,,,,,,,,,,,,,,,,,,,,,,,,,,,,,,,,,,,,,,,,,,,,,,,,,,,,,,,,,,,,,,,,,,,,,,,,,,,,,,,,,,,,,,,,,,,,,,,,,,,,,,,,,,,,,,,,,,,,,,,,,,,,,,,,,,,,,,,,,,,,,,,,,,,,,,,,,,,,,,,,
-0.06589506566524506,-0.5973566770553589,-0.3004893660545349,0.9996486902236938,-0.04685014486312866,-0.6358585953712463,-0.29508456587791443,0.9993380308151245,-0.04722556471824646,-0.6354463696479797,-0.2968141734600067,0.9994120001792908,-0.04682706296443939,-0.6354081034660339,-0.29496702551841736,0.9992822408676147,-0.08356417715549469,-0.6382459402084351,-0.2900811731815338,0.9993124008178711,-0.08146969974040985,-0.6389321684837341,-0.29017990827560425,0.9993783235549927,-0.0820460319519043,-0.6379729509353638,-0.2863598167896271,0.9992231726646423,0.0519268698990345,-0.6240407824516296,-0.21489942073822021,0.9993221163749695,-0.09676508605480194,-0.6320669054985046,-0.16664449870586395,0.9991774559020996,-0.033039242029190063,-0.5704652667045593,-0.27790138125419617,0.9997941851615906,-0.0762355849146843,-0.5703558921813965,-0.26351264119148254,0.9997602105140686,0.1698051393032074,-0.42837220430374146,-0.15932370722293854,0.9991470575332642,-0.16128526628017426,-0.45056265592575073,-0.11135053634643555,0.9993357062339783,0.22061114013195038,-0.17704084515571594,-0.15565264225006104,0.8243759870529175,-0.214809849858284,-0.24566636979579926,-0.10777400434017181,0.7563729882240295,0.23198047280311584,0.007218206766992807,-0.2533113360404968,0.17472639679908752,-0.2458452582359314,-0.12875640392303467,-0.26905301213264465,0.2089603841304779,0.23917795717716217,0.06753027439117432,-0.27594706416130066,0.1424548178911209,-0.2527695298194885,-0.08798719942569733,-0.2924051284790039,0.1740340292453766,0.21148957312107086,0.06458467990159988,-0.3279139995574951,0.2142796665430069,-0.25126850605010986,-0.08718962967395782,-0.33095020055770874,0.2357190102338791,0.21377691626548767,0.019076304510235786,-0.2797790467739105,0.18891504406929016,-0.23852911591529846,-0.11449038982391357,-0.29001203179359436,0.22369147837162018,0.10624273121356964,-0.010418386198580265,-0.0079451072961092,0.056502796709537506,-0.10584981739521027,0.0015036698896437883,0.009957399219274521,0.07204907387495041,0.07962944358587265,-0.020809220150113106,-0.04361741617321968,0.06475315243005753,-0.08819075673818588,0.15064245462417603,-0.09700598567724228,0.09794101119041443,0.15571370720863342,0.25285589694976807,0.1886167824268341,0.016635650768876076,-0.09797142446041107,0.46824610233306885,0.14452748000621796,0.039606574922800064,0.1592227965593338,0.26857367157936096,0.21232612431049347,0.007529874332249165,-0.09928883612155914,0.4866122603416443,0.17912936210632324,0.016247274354100227,0.19858771562576294,0.2543303072452545,-0.0038414164446294308,0.01896260865032673,-0.1442156881093979,0.5016865730285645,0.003006282262504101,0.03163393959403038,9,0.3,,,,,,,,,,,,,,,,,,,,,,,,,,,,,,,,,,,,,,,,,,,,,,,,,,,,,,,,,,,,,,,,,,,,,,,,,,,,,,,,,,,,,,,,,,,,,,,,,,,,,,,,,,,,,,,,,,,,,,,,,,,,,,,,,,,,,,,,,,,,,,,,,,,,,,,,,,,,,,,,,,,,,,,,
-0.06430192291736603,-0.5976741909980774,-0.3000754117965698,0.999653160572052,-0.045703429728746414,-0.6362714767456055,-0.29438087344169617,0.9993498921394348,-0.04609997943043709,-0.6358606815338135,-0.2961612641811371,0.9994193911552429,-0.045682117342948914,-0.6358239054679871,-0.29427945613861084,0.9992932677268982,-0.08253379911184311,-0.6386112570762634,-0.28948038816452026,0.9993319511413574,-0.08044379204511642,-0.6393008232116699,-0.289578378200531,0.9993969798088074,-0.08102361857891083,-0.6383498311042786,-0.2857360243797302,0.9992502927780151,0.05251893028616905,-0.6247018575668335,-0.21182870864868164,0.999331533908844,-0.0966632142663002,-0.6323767304420471,-0.1656745970249176,0.9992082715034485,-0.031501978635787964,-0.5707797408103943,-0.27696284651756287,0.9997933506965637,-0.07497770339250565,-0.5706347823143005,-0.26292684674263,0.9997607469558716,0.17087304592132568,-0.4296422302722931,-0.15756730735301971,0.9991156458854675,-0.16113530099391937,-0.45063409209251404,-0.10793200135231018,0.9993234276771545,0.22381851077079773,-0.18672524392604828,-0.155714213848114,0.8300887942314148,-0.2141452580690384,-0.2451968491077423,-0.1141793429851532,0.7603448629379272,0.20910081267356873,-0.01583261229097843,-0.2546083629131317,0.19769859313964844,-0.2330843210220337,-0.13128937780857086,-0.2952721118927002,0.2281007617712021,0.20248354971408844,0.04095159471035004,-0.2764923870563507,0.1618078351020813,-0.23796814680099487,-0.09256736934185028,-0.3262859582901001,0.19204933941364288,0.171305313706398,0.03313354030251503,-0.3284435272216797,0.23598194122314453,-0.23285962641239166,-0.09447574615478516,-0.35798341035842896,0.2555558383464813,0.18776457011699677,-0.006673684809356928,-0.2803838849067688,0.20996980369091034,-0.2244226187467575,-0.11811493337154388,-0.3141850233078003,0.2428416609764099,0.1062551811337471,-0.010375366546213627,-0.007672615349292755,0.0645260289311409,-0.10585759580135345,0.0014205807819962502,0.009706285782158375,0.07990401983261108,0.08582402765750885,-0.021504560485482216,-0.046806879341602325,0.06693372875452042,-0.08857198059558868,0.12649258971214294,-0.0993451252579689,0.09737180918455124,0.15562847256660461,0.25213176012039185,0.17722801864147186,0.017123578116297722,-0.09354151040315628,0.4460487365722656,0.1455002725124359,0.03943129628896713,0.15883958339691162,0.2680658996105194,0.1994718611240387,0.007916111499071121,-0.09174927324056625,0.46271300315856934,0.18007753789424896,0.016641469672322273,0.1980099081993103,0.25090378522872925,-0.017194729298353195,0.01970311813056469,-0.12715594470500946,0.4834916889667511,0.0017280158353969455,0.03217943012714386,10,0.333,,,,,,,,,,,,,,,,,,,,,,,,,,,,,,,,,,,,,,,,,,,,,,,,,,,,,,,,,,,,,,,,,,,,,,,,,,,,,,,,,,,,,,,,,,,,,,,,,,,,,,,,,,,,,,,,,,,,,,,,,,,,,,,,,,,,,,,,,,,,,,,,,,,,,,,,,,,,,,,,,,,,,,,,
-0.05700083449482918,-0.6000181436538696,-0.2628438472747803,0.9996547102928162,-0.03980780020356178,-0.6395972967147827,-0.25603002309799194,0.9993665814399719,-0.040352191776037216,-0.639216959476471,-0.25800415873527527,0.9994291663169861,-0.03994033485651016,-0.6392138600349426,-0.2556913495063782,0.9993120431900024,-0.07665496319532394,-0.6417310833930969,-0.25203877687454224,0.9993526935577393,-0.07459568232297897,-0.642386794090271,-0.2526293694972992,0.9994131326675415,-0.07521125674247742,-0.6414083242416382,-0.24856409430503845,0.99927818775177,0.05621645972132683,-0.6320468783378601,-0.16784490644931793,0.9993464946746826,-0.09472879022359848,-0.6383281350135803,-0.13017205893993378,0.9992414116859436,-0.023445798084139824,-0.5735644102096558,-0.2380785346031189,0.999793291091919,-0.06793569773435593,-0.5734036564826965,-0.2258678674697876,0.9997633695602417,0.17695076763629913,-0.4334786832332611,-0.11170334368944168,0.9991323947906494,-0.1589069664478302,-0.4556199312210083,-0.05356607586145401,0.9993250966072083,0.22548329830169678,-0.19475051760673523,-0.15693925321102142,0.8459449410438538,-0.2057652473449707,-0.24445247650146484,-0.09913475811481476,0.7802214622497559,0.14787593483924866,-0.16287630796432495,-0.3264460265636444,0.27652183175086975,-0.22901225090026855,-0.1850777268409729,-0.30206140875816345,0.3010815382003784,0.11414357274770737,-0.15122981369495392,-0.37388595938682556,0.24150769412517548,-0.23692090809345245,-0.17258042097091675,-0.34931668639183044,0.26327019929885864,0.1016855463385582,-0.191301167011261,-0.3882906436920166,0.30874577164649963,-0.232575461268425,-0.200967937707901,-0.36424317955970764,0.32195228338241577,0.1303355097770691,-0.17726458609104156,-0.339906245470047,0.2848581075668335,-0.22131405770778656,-0.18809524178504944,-0.3167884349822998,0.3101997375488281,0.1087547242641449,-0.008129778318107128,-0.007342318072915077,0.10694064944982529,-0.10808302462100983,-0.00011324485967634246,0.009184866212308407,0.11750946193933487,0.12104475498199463,-0.02077493816614151,-0.06013152375817299,0.06470122933387756,-0.11116761714220047,0.0539211630821228,-0.08998409658670425,0.09281900525093079,0.15158766508102417,0.24957934021949768,0.18108899891376495,0.016581738367676735,-0.08563115447759628,0.4042702317237854,0.14574488997459412,0.03707097843289375,0.1525442749261856,0.2635402977466583,0.20139838755130768,0.008168503642082214,-0.07415146380662918,0.4208414852619171,0.1810731440782547,0.016279296949505806,0.18621423840522766,0.24681490659713745,-0.005112265236675739,0.019120391458272934,-0.0789341926574707,0.45632120966911316,-0.0017675356939435005,0.030734771862626076,11,0.367,,,,,,,,,,,,,,,,,,,,,,,,,,,,,,,,,,,,,,,,,,,,,,,,,,,,,,,,,,,,,,,,,,,,,,,,,,,,,,,,,,,,,,,,,,,,,,,,,,,,,,,,,,,,,,,,,,,,,,,,,,,,,,,,,,,,,,,,,,,,,,,,,,,,,,,,,,,,,,,,,,,,,,,,
-0.05622263625264168,-0.595249354839325,-0.26511508226394653,0.999665379524231,-0.03747913986444473,-0.6341326832771301,-0.2597237825393677,0.9993832111358643,-0.03810015320777893,-0.6337572336196899,-0.26155444979667664,0.9994399547576904,-0.03771483898162842,-0.6337318420410156,-0.25861620903015137,0.9993311762809753,-0.07356693595647812,-0.6375884413719177,-0.25393179059028625,0.9993776082992554,-0.07153252512216568,-0.6381044387817383,-0.25555720925331116,0.9994348883628845,-0.0722205638885498,-0.6370480060577393,-0.251248836517334,0.9993123412132263,0.05855482444167137,-0.6259267926216125,-0.17511366307735443,0.9993733167648315,-0.08914127200841904,-0.6367883682250977,-0.1348564773797989,0.9992802143096924,-0.02283014915883541,-0.5675119757652283,-0.2398352026939392,0.9998034238815308,-0.06688167154788971,-0.5692940950393677,-0.22863690555095673,0.9997773766517639,0.1772497445344925,-0.42124143242836,-0.12107354402542114,0.9991862177848816,-0.15227393805980682,-0.45524999499320984,-0.057393528521060944,0.9993741512298584,0.2141634076833725,-0.17400023341178894,-0.2002355009317398,0.8611809015274048,-0.189340740442276,-0.22932632267475128,-0.10737668722867966,0.8008430600166321,0.10221217572689056,-0.22146911919116974,-0.3699930012226105,0.34867215156555176,-0.22082015872001648,-0.24920883774757385,-0.32674548029899597,0.37023496627807617,0.06072169169783592,-0.23792728781700134,-0.41802436113357544,0.31605201959609985,-0.22911430895328522,-0.26124346256256104,-0.380012184381485,0.3335303068161011,0.06341595202684402,-0.2875548005104065,-0.4182378053665161,0.3765832781791687,-0.22886474430561066,-0.2978843152523041,-0.3813651204109192,0.38640540838241577,0.08882318437099457,-0.2475726455450058,-0.3760111331939697,0.3549015522003174,-0.21388550102710724,-0.2622850239276886,-0.3366453945636749,0.3757272958755493,0.11019447445869446,-0.003567120060324669,-0.010460139252245426,0.1477494090795517,-0.1093369722366333,-0.002720358781516552,0.011512065306305885,0.15812379121780396,0.12770837545394897,-0.021154290065169334,-0.07555341720581055,0.060628365725278854,-0.13026167452335358,0.008334937505424023,-0.07850136607885361,0.08588691800832748,0.1504802703857422,0.24756012856960297,0.18238534033298492,0.015544149093329906,-0.07743386179208755,0.39047521352767944,0.19322438538074493,0.033954720944166183,0.15112616121768951,0.2588311731815338,0.20192690193653107,0.007860865443944931,-0.062422625720500946,0.40981611609458923,0.22333936393260956,0.015359422191977501,0.15900859236717224,0.24246181547641754,-0.0029777956660836935,0.017777806147933006,-0.0715622752904892,0.4438028633594513,0.0318036787211895,0.028227338567376137,12,0.4,0.418960839509964,0.9286903738975525,-2.3834699902636203e-07,,0.4048534631729126,0.8508530855178833,-0.01015239767730236,,0.40263375639915466,0.769690752029419,-0.020066041499376297,,0.40167078375816345,0.7029903531074524,-0.029702844098210335,,0.39809390902519226,0.6448060274124146,-0.03931598365306854,,0.4279119074344635,0.7833883166313171,-0.025651337578892708,,0.43649202585220337,0.7643659114837646,-0.04495258629322052,,0.43139681220054626,0.7772242426872253,-0.057504113763570786,,0.4267337918281555,0.7963340282440186,-0.06493616849184036,,0.4367672801017761,0.8270705342292786,-0.02942347526550293,,0.43415775895118713,0.8164064288139343,-0.04685608670115471,,0.43314099311828613,0.8292960524559021,-0.05398418381810188,,0.4361371695995331,0.844147801399231,-0.060104385018348694,,0.4442571997642517,0.8704147338867188,-0.033999256789684296,,0.4451661705970764,0.8580154180526733,-0.05221135914325714,,0.4475153088569641,0.8673972487449646,-0.05297200754284859,,0.45129817724227905,0.8803449273109436,-0.05269920825958252,,0.44950172305107117,0.9116595983505249,-0.03880858048796654,,0.4594757854938507,0.8934565782546997,-0.05451513081789017,,0.46529239416122437,0.8905428051948547,-0.055247604846954346,,0.4714939594268799,0.8915497660636902,-0.05441901832818985,,,,,,,,,,,,,,,,,,,,,,,,,,,,,,,,,,,,,,,,,,,,,,,,,,,,,,,,,,,,,,,,,,,,,,,,,,,,,,,,,,,,,
-0.058444831520318985,-0.5892781615257263,-0.2702328860759735,0.9996757507324219,-0.04115559533238411,-0.629359245300293,-0.26525944471359253,0.9994025230407715,-0.04183289036154747,-0.6289897561073303,-0.2670808732509613,0.9994519948959351,-0.04145960882306099,-0.6289608478546143,-0.2644437849521637,0.9993495941162109,-0.07634833455085754,-0.632634162902832,-0.25956296920776367,0.9994054436683655,-0.07433668524026871,-0.6331111192703247,-0.26074832677841187,0.9994591474533081,-0.07504548132419586,-0.6320332884788513,-0.25656700134277344,0.9993494153022766,0.05102434381842613,-0.6256609559059143,-0.18162743747234344,0.9993948340415955,-0.09272295236587524,-0.636249840259552,-0.1369057148694992,0.999324381351471,-0.025631669908761978,-0.5635358095169067,-0.24588622152805328,0.9998104572296143,-0.06881248950958252,-0.5651485323905945,-0.2335433065891266,0.9997896552085876,0.1720953732728958,-0.4205111563205719,-0.1265931874513626,0.9992084503173828,-0.1540982723236084,-0.4549683630466461,-0.05924182012677193,0.9994106888771057,0.1785394549369812,-0.17452332377433777,-0.2076294869184494,0.8745608329772949,-0.1995924711227417,-0.22040647268295288,-0.1244526356458664,0.8189435005187988,0.042883045971393585,-0.28712335228919983,-0.36831459403038025,0.4133121371269226,-0.2144588679075241,-0.28461697697639465,-0.3509785532951355,0.4321417212486267,-0.007719868794083595,-0.31728631258010864,-0.41142356395721436,0.38196587562561035,-0.21432583034038544,-0.3088894486427307,-0.40365102887153625,0.3960990309715271,0.003132347483187914,-0.3729220926761627,-0.41016244888305664,0.43649742007255554,-0.21618564426898956,-0.3510928153991699,-0.39489853382110596,0.44382262229919434,0.03137391060590744,-0.3188852071762085,-0.3735218048095703,0.4164332449436188,-0.20640763640403748,-0.3028847277164459,-0.3558182716369629,0.4334832727909088,0.11092620342969894,-0.0033628742676228285,-0.010540081188082695,0.1662677377462387,-0.1101350337266922,-0.0029304628260433674,0.011541780084371567,0.177591010928154,0.12973032891750336,-0.02134648710489273,-0.0740768164396286,0.059690285474061966,-0.12987422943115234,0.031431492418050766,-0.06587745249271393,0.08314140141010284,0.15054024755954742,0.23551760613918304,0.2003609538078308,0.01527545414865017,-0.07663312554359436,0.39189496636390686,0.20921719074249268,0.03194372355937958,0.15115784108638763,0.24528788030147552,0.21859993040561676,0.007878748700022697,-0.06201896443963051,0.4102022647857666,0.23799657821655273,0.014834873378276825,0.16259141266345978,0.2336677461862564,0.012408063746988773,0.017327990382909775,-0.0737859308719635,0.44926831126213074,0.04331915080547333,0.02681926265358925,13,0.433,0.40874338150024414,0.8452746868133545,1.6189113694053958e-07,,0.4051567316055298,0.7708366513252258,-0.006611885968595743,,0.40966469049453735,0.6823016405105591,-0.011413529515266418,,0.41113847494125366,0.6157081127166748,-0.016189314424991608,,0.4149245023727417,0.5632278919219971,-0.020866692066192627,,0.4219709634780884,0.682762622833252,-0.009799233637750149,,0.44037845730781555,0.6224120855331421,-0.02157694660127163,,0.4545649588108063,0.5917685627937317,-0.029675574973225594,,0.4663057029247284,0.569066047668457,-0.03484062850475311,,0.43344250321388245,0.7101296186447144,-0.013056843541562557,,0.45448413491249084,0.6523125767707825,-0.022338829934597015,,0.47010648250579834,0.619823694229126,-0.028463192284107208,,0.4844276010990143,0.5940130949020386,-0.0334106869995594,,0.44431859254837036,0.7444607615470886,-0.017390962690114975,,0.46639376878738403,0.6959310173988342,-0.027549605816602707,,0.48376643657684326,0.6684749126434326,-0.030099041759967804,,0.49845802783966064,0.6455451846122742,-0.031642135232686996,,0.4538401663303375,0.7834525108337402,-0.022019410505890846,,0.4735598564147949,0.7491045594215393,-0.030333831906318665,,0.4898914694786072,0.7270281314849854,-0.031063733622431755,,0.503673791885376,0.7074423432350159,-0.031233588233590126,,0.7122452855110168,0.8142141103744507,3.54016037817928e-07,,0.7279972434043884,0.7485467195510864,-0.01619873195886612,,0.7319470047950745,0.6797793507575989,-0.02694603241980076,,0.7397558689117432,0.6140205264091492,-0.034118447452783585,,0.7508714199066162,0.5647003650665283,-0.04128371179103851,,0.69230055809021,0.6595556735992432,-0.0307916272431612,,0.6811762452125549,0.5708408951759338,-0.04117141664028168,,0.6758348345756531,0.5193303227424622,-0.04722480848431587,,0.6736209392547607,0.48276329040527344,-0.05023135617375374,,0.6658745408058167,0.6736590266227722,-0.024690771475434303,,0.6422625780105591,0.587262749671936,-0.033328827470541,,0.634505569934845,0.5342341065406799,-0.03723972290754318,,0.6328058838844299,0.5007908344268799,-0.039364513009786606,,0.6481364965438843,0.6912186145782471,-0.018591463565826416,,0.6203168630599976,0.6162062287330627,-0.025106802582740784,,0.6129028797149658,0.5691916942596436,-0.02844584733247757,,0.6117135286331177,0.5352792143821716,-0.030376935377717018,,0.6403091549873352,0.7065913081169128,-0.013110432773828506,,0.6156636476516724,0.648717999458313,-0.016793444752693176,,0.6071678996086121,0.6134516596794128,-0.017145894467830658,,0.6040650606155396,0.585929274559021,-0.016923675313591957,
-0.0624297633767128,-0.5869790315628052,-0.24112431704998016,0.999698281288147,-0.045904651284217834,-0.6279730796813965,-0.23882590234279633,0.9994460344314575,-0.046649686992168427,-0.6275755763053894,-0.24056968092918396,0.9994904398918152,-0.04635966569185257,-0.6275456547737122,-0.23796454071998596,0.9993970990180969,-0.08016887307167053,-0.630514919757843,-0.23297415673732758,0.9994491934776306,-0.07818228006362915,-0.6309019923210144,-0.2341756373643875,0.9994972944259644,-0.07893244922161102,-0.6297865509986877,-0.22996455430984497,0.9993979930877686,0.04634489491581917,-0.6258243918418884,-0.16349388659000397,0.9994432926177979,-0.09423793107271194,-0.6351310610771179,-0.115068718791008,0.9993791580200195,-0.02836666628718376,-0.5619427561759949,-0.2203071266412735,0.9998254776000977,-0.07069393992424011,-0.5627959966659546,-0.2050682157278061,0.9998066425323486,0.17108036577701569,-0.42110997438430786,-0.11087807267904282,0.9992677569389343,-0.15355108678340912,-0.4519160985946655,-0.026895763352513313,0.9994542002677917,0.17301498353481293,-0.19118615984916687,-0.20287971198558807,0.8869537115097046,-0.2017623782157898,-0.21842297911643982,-0.10788629949092865,0.8364108800888062,0.03433024883270264,-0.3506796360015869,-0.3516974151134491,0.47186005115509033,-0.20326243340969086,-0.31629517674446106,-0.3408786952495575,0.4886336922645569,-0.01981952041387558,-0.38768836855888367,-0.3912115693092346,0.4427222013473511,-0.19776412844657898,-0.3448972702026367,-0.383714497089386,0.4546372592449188,-0.0062717255204916,-0.4417087137699127,-0.4025524854660034,0.4917758107185364,-0.19986778497695923,-0.38829031586647034,-0.3492949903011322,0.4975990056991577,0.02313033491373062,-0.38398194313049316,-0.36049363017082214,0.4735538065433502,-0.1940937340259552,-0.3370523154735565,-0.3261614441871643,0.48804688453674316,0.11223821341991425,-0.0029480622615665197,-0.01363932341337204,0.1911431849002838,-0.11105672270059586,-0.003063012845814228,0.014238591305911541,0.20030677318572998,0.1346053034067154,-0.06112896651029587,-0.0925799161195755,0.05587723106145859,-0.13878923654556274,-0.03568462282419205,-0.06643088907003403,0.07728608697652817,0.15209755301475525,0.1977689564228058,0.20147612690925598,0.014403766952455044,-0.07526867091655731,0.36893850564956665,0.22839419543743134,0.029318245127797127,0.1530781388282776,0.20428386330604553,0.21999067068099976,0.007493949495255947,-0.05903712660074234,0.38730114698410034,0.26144441962242126,0.013841282576322556,0.16319657862186432,0.1768200397491455,0.009819037280976772,0.016178596764802933,-0.07314847409725189,0.42570042610168457,0.05311139300465584,0.024670738726854324,14,0.467,0.4328821897506714,0.7090297341346741,8.189820022153071e-08,,0.4231994152069092,0.6523796916007996,-0.00031466406653635204,,0.42672091722488403,0.5880318880081177,-0.00484895845875144,,0.43023067712783813,0.5336611866950989,-0.009738999418914318,,0.4365101456642151,0.49172067642211914,-0.014539923518896103,,0.44635915756225586,0.5635614395141602,-0.00986604392528534,,0.4661344587802887,0.5007226467132568,-0.01765289157629013,,0.48030415177345276,0.47530171275138855,-0.021561700850725174,,0.491346150636673,0.4627058207988739,-0.02318717911839485,,0.46180105209350586,0.5819095373153687,-0.013414074666798115,,0.48378363251686096,0.5206283926963806,-0.017021605744957924,,0.4969584345817566,0.4964436888694763,-0.017716754227876663,,0.5074167251586914,0.4814104437828064,-0.018635500222444534,,0.4748576283454895,0.6085362434387207,-0.016745619475841522,,0.496182382106781,0.5540609359741211,-0.01892770454287529,,0.5082273483276367,0.5311833620071411,-0.015899624675512314,,0.5173496603965759,0.516966700553894,-0.014531660825014114,,0.4853183627128601,0.6390249729156494,-0.019998783245682716,,0.5032826066017151,0.5999112725257874,-0.02028302289545536,,0.5140613317489624,0.5791754722595215,-0.016343984752893448,,0.5215796828269958,0.5640060901641846,-0.01338940765708685,,0.6847832202911377,0.6624194383621216,2.244514263338715e-07,,0.7054445147514343,0.6079037189483643,-0.009337679482996464,,0.7161164879798889,0.5557092428207397,-0.01985625922679901,,0.723877489566803,0.5026807188987732,-0.027539433911442757,,0.7281965017318726,0.4617284834384918,-0.03381223976612091,,0.6740247011184692,0.51431804895401,-0.03326035663485527,,0.65936678647995,0.43113040924072266,-0.04111946374177933,,0.6618800163269043,0.4084172248840332,-0.04030590131878853,,0.6664589047431946,0.40744978189468384,-0.03758512809872627,,0.6456226110458374,0.52883380651474,-0.030684441328048706,,0.6215667128562927,0.4341813027858734,-0.039593007415533066,,0.6267839670181274,0.4094003736972809,-0.03676023706793785,,0.6351824998855591,0.41231563687324524,-0.03291536867618561,,0.6248531341552734,0.5470138192176819,-0.026780076324939728,,0.6042733788490295,0.4633379578590393,-0.030983980745077133,,0.6115602850914001,0.4386361539363861,-0.02525864727795124,,0.6202906966209412,0.4345773458480835,-0.020433245226740837,,0.6129505038261414,0.5651893019676208,-0.022844506427645683,,0.5994386076927185,0.49956032633781433,-0.022990521043539047,,0.6044882535934448,0.47324037551879883,-0.016746070235967636,,0.6113525032997131,0.46445101499557495,-0.01103871688246727,
-0.06244897097349167,-0.582721471786499,-0.2274988740682602,0.9997202157974243,-0.04622858390212059,-0.6250273585319519,-0.22555522620677948,0.999488115310669,-0.04699159041047096,-0.6245793700218201,-0.22739578783512115,0.9995278120040894,-0.04671580716967583,-0.6245582699775696,-0.22477000951766968,0.9994434714317322,-0.08025926351547241,-0.6265782713890076,-0.21996018290519714,0.9994906783103943,-0.07828264683485031,-0.6268877387046814,-0.22105003893375397,0.9995332360267639,-0.07903604954481125,-0.6257328987121582,-0.216826394200325,0.9994434714317322,0.04592261090874672,-0.6257917284965515,-0.153180792927742,0.9994889497756958,-0.09411738067865372,-0.6320377588272095,-0.1048237755894661,0.99942946434021,-0.028244825080037117,-0.5586998462677002,-0.2077990174293518,0.9998399615287781,-0.07029438763856888,-0.5585509538650513,-0.19203010201454163,0.9998224377632141,0.17157989740371704,-0.42218849062919617,-0.10107067972421646,0.9993280172348022,-0.148606538772583,-0.44908851385116577,-0.02448437176644802,0.9994972348213196,0.17798422276973724,-0.20984242856502533,-0.2001274973154068,0.8981385231018066,-0.20185768604278564,-0.2191161960363388,-0.10623451322317123,0.8524062037467957,0.04614366218447685,-0.37721332907676697,-0.343222051858902,0.5245872735977173,-0.17932654917240143,-0.3408660888671875,-0.33511972427368164,0.5396097302436829,-0.008936147205531597,-0.41490498185157776,-0.3806622624397278,0.49762484431266785,-0.16738395392894745,-0.37089279294013977,-0.3735465407371521,0.5080026984214783,0.0038194432854652405,-0.466108500957489,-0.38306862115859985,0.5417361855506897,-0.16716083884239197,-0.4163326025009155,-0.32684892416000366,0.5466333031654358,0.034119635820388794,-0.40915006399154663,-0.35696345567703247,0.5252256989479065,-0.16813187301158905,-0.3625575602054596,-0.31037425994873047,0.5378262400627136,0.11351045966148376,-0.0016342571470886469,-0.014095493592321873,0.21684080362319946,-0.11171212792396545,-0.0037781891878694296,0.014632492326200008,0.22413350641727448,0.13431797921657562,-0.08285082131624222,-0.1080700159072876,0.05266017094254494,-0.14922776818275452,-0.08873128145933151,-0.07077740877866745,0.07267074286937714,0.1414441168308258,0.18518118560314178,0.2077777236700058,0.013719811104238033,-0.07806002348661423,0.35633477568626404,0.2292798012495041,0.027110284194350243,0.1419156789779663,0.19196128845214844,0.227740079164505,0.007229045033454895,-0.06191207095980644,0.37475913763046265,0.2651425004005432,0.012999179773032665,0.1489838808774948,0.1496538370847702,0.008655290119349957,0.01518394984304905,-0.07782450318336487,0.4006135165691376,0.05027862638235092,0.022811325266957283,15,0.5,0.44370198249816895,0.6429876089096069,6.940500441032782e-08,,0.4368359446525574,0.5833466649055481,0.0032684756442904472,,0.4447116553783417,0.5267144441604614,0.001232978655025363,,0.4573989808559418,0.4841315746307373,-0.0017497611697763205,,0.46961721777915955,0.4577021896839142,-0.004638988059014082,,0.4534633457660675,0.5151897072792053,-0.010302156209945679,,0.47291862964630127,0.4518650472164154,-0.017158064991235733,,0.48641207814216614,0.4270845055580139,-0.019292347133159637,,0.496425062417984,0.4174119234085083,-0.019507374614477158,,0.4701870083808899,0.5323925614356995,-0.015679659321904182,,0.49415522813796997,0.467876136302948,-0.019657468423247337,,0.5104053020477295,0.44206541776657104,-0.019775865599513054,,0.5212673544883728,0.43366798758506775,-0.019602933898568153,,0.4854001998901367,0.5575222969055176,-0.020281298086047173,,0.5089793801307678,0.4987486004829407,-0.022932829335331917,,0.5233657360076904,0.4753686189651489,-0.022007368505001068,,0.5318644046783447,0.46509647369384766,-0.02171177789568901,,0.4986218512058258,0.5866562128067017,-0.02440759539604187,,0.5183306932449341,0.5504311919212341,-0.02582750841975212,,0.5283058285713196,0.5308018326759338,-0.02361740544438362,,0.5337107181549072,0.5174213647842407,-0.021706392988562584,,0.6776914596557617,0.5903255939483643,6.938249441645894e-08,,0.6941040754318237,0.5288105010986328,1.6616353605058976e-05,,0.7018435597419739,0.4801931083202362,-0.005418889690190554,,0.7047391533851624,0.43705761432647705,-0.0105506032705307,,0.6991281509399414,0.40807726979255676,-0.014935429207980633,,0.6617094278335571,0.44285568594932556,-0.017029939219355583,,0.6495510935783386,0.3742675185203552,-0.024049794301390648,,0.6563757658004761,0.36675575375556946,-0.02569846622645855,,0.6634898781776428,0.3773180842399597,-0.02458929270505905,,0.6381542682647705,0.4604561924934387,-0.01924062706530094,,0.6201291084289551,0.3832356333732605,-0.022365016862750053,,0.6295720338821411,0.3781997263431549,-0.019808825105428696,,0.6394969820976257,0.39492878317832947,-0.017629656940698624,,0.6210445761680603,0.48561641573905945,-0.020246844738721848,,0.6029900312423706,0.41816413402557373,-0.01992969401180744,,0.6132141351699829,0.4132324159145355,-0.014649453572928905,,0.6240155696868896,0.4253656566143036,-0.011779507622122765,,0.61123126745224,0.5132535099983215,-0.020951082929968834,,0.5947356224060059,0.4730089604854584,-0.019515985623002052,,0.6001771688461304,0.46183428168296814,-0.014120625331997871,,0.6077059507369995,0.4627405107021332,-0.009768059477210045,
-0.06672527641057968,-0.5822690725326538,-0.2010127305984497,0.9997415542602539,-0.053282223641872406,-0.6250005960464478,-0.19696398079395294,0.9995282888412476,-0.054040636867284775,-0.6245433688163757,-0.19863715767860413,0.999563455581665,-0.05382665619254112,-0.6245249509811401,-0.19603613018989563,0.9994867444038391,-0.08651240915060043,-0.6258164644241333,-0.1937573105096817,0.9995307922363281,-0.08453375846147537,-0.626091718673706,-0.19497384130954742,0.999568521976471,-0.08530718833208084,-0.6249286532402039,-0.19076086580753326,0.9994872212409973,0.033543527126312256,-0.6267931461334229,-0.12259365618228912,0.9995314478874207,-0.10314399749040604,-0.6290370225906372,-0.08367008715867996,0.9994784593582153,-0.03233283385634422,-0.558387279510498,-0.18074223399162292,0.9998535513877869,-0.07365642488002777,-0.5571010112762451,-0.16758392751216888,0.9998374581336975,0.16473688185214996,-0.43070176243782043,-0.0687071904540062,0.999383270740509,-0.14920088648796082,-0.44559767842292786,-0.016847344115376472,0.9995371103286743,0.1814194768667221,-0.24596847593784332,-0.17834362387657166,0.9082239270210266,-0.20382508635520935,-0.2280045598745346,-0.10621805489063263,0.8669907450675964,0.05267097055912018,-0.4074474573135376,-0.3233095109462738,0.5720378756523132,-0.15393665432929993,-0.37610170245170593,-0.3123456835746765,0.5855337977409363,-0.0014606944750994444,-0.4459434151649475,-0.3659500181674957,0.5468047261238098,-0.1316414773464203,-0.41141796112060547,-0.3626473546028137,0.5560989379882812,0.007733319420367479,-0.4934633672237396,-0.33904385566711426,0.586421549320221,-0.1303759217262268,-0.45982077717781067,-0.3064366281032562,0.5907483696937561,0.039809443056583405,-0.4377274513244629,-0.32073450088500977,0.5714767575263977,-0.14101485908031464,-0.40036866068840027,-0.28983694314956665,0.5825933814048767,0.11370337009429932,-0.0013022433267906308,-0.01404897216707468,0.25570401549339294,-0.11184217035770416,-0.0038592317141592503,0.014586846344172955,0.2611113488674164,0.13275715708732605,-0.07762878388166428,-0.10682608187198639,0.049151916056871414,-0.15349428355693817,-0.06645561009645462,-0.07351749390363693,0.0677570030093193,0.13389843702316284,0.19012269377708435,0.20830798149108887,0.012907491065561771,-0.08375462889671326,0.36685431003570557,0.2287343591451645,0.024903466925024986,0.13472189009189606,0.19741322100162506,0.22801031172275543,0.0069144172593951225,-0.06464610248804092,0.3862375319004059,0.26391980051994324,0.01217057928442955,0.14497873187065125,0.16032932698726654,0.007374649401754141,0.014122707769274712,-0.08193937689065933,0.4135048985481262,0.04851233586668968,0.020968476310372353,16,0.533,0.46655648946762085,0.5942500829696655,-5.343275688574067e-08,,0.45985251665115356,0.5351608991622925,0.007416968233883381,,0.46968576312065125,0.48589375615119934,0.0073809935711324215,,0.48699823021888733,0.461914598941803,0.004717163275927305,,0.5037373304367065,0.45670509338378906,0.00233731628395617,,0.4775027930736542,0.4583767354488373,-0.0005721000488847494,,0.49869897961616516,0.40814974904060364,-0.0049917553551495075,,0.5124319791793823,0.4079468846321106,-0.006360545754432678,,0.5188167691230774,0.4197613000869751,-0.006303311325609684,,0.49313104152679443,0.4718622863292694,-0.00830232072621584,,0.5209693312644958,0.4233638644218445,-0.010544762015342712,,0.5277679562568665,0.4340277314186096,-0.00916365534067154,,0.5249363780021667,0.4503079056739807,-0.00789116695523262,,0.5076907873153687,0.49342095851898193,-0.015207239426672459,,0.5363446474075317,0.45095738768577576,-0.015613366849720478,,0.5362668037414551,0.4654044508934021,-0.00959847867488861,,0.5292437672615051,0.4809127449989319,-0.0057419678196311,,0.519852340221405,0.5208226442337036,-0.02180383913218975,,0.5434938669204712,0.4861299991607666,-0.019594386219978333,,0.5405892133712769,0.49479907751083374,-0.011972732841968536,,0.5323946475982666,0.50680011510849,-0.006340845953673124,,0.6766519546508789,0.5646684169769287,-2.9165612147608044e-08,,0.6877610087394714,0.495826780796051,0.0022235047072172165,,0.686894953250885,0.44291412830352783,6.085802669986151e-05,,0.6734188199043274,0.4090487062931061,-0.0030780720990151167,,0.6602616310119629,0.390481561422348,-0.005565520841628313,,0.6508387923240662,0.4127199053764343,-0.002607072005048394,,0.6386062502861023,0.36784255504608154,-0.007505293469876051,,0.647757887840271,0.37998050451278687,-0.011032206006348133,,0.6549321413040161,0.39876940846443176,-0.01214449480175972,,0.6308793425559998,0.4314942955970764,-0.0059396144933998585,,0.617253303527832,0.37901854515075684,-0.00648381095379591,,0.6271292567253113,0.38979610800743103,-0.0055945455096662045,,0.6349750757217407,0.4126657545566559,-0.005007350817322731,,0.6165027022361755,0.45673590898513794,-0.008823099546134472,,0.604653000831604,0.41188570857048035,-0.006990679074078798,,0.6136261224746704,0.4174652695655823,-0.0028210182208567858,,0.6214302182197571,0.43534740805625916,-0.0008840178488753736,,0.6068112254142761,0.48277172446250916,-0.0115743950009346,,0.5959940552711487,0.44884371757507324,-0.008099817670881748,,0.6035144925117493,0.44995221495628357,-0.0015575772849842906,,0.6100113391876221,0.46223539113998413,0.003317272989079356,
-0.06931760162115097,-0.5852580070495605,-0.18849791586399078,0.9997608065605164,-0.05674183368682861,-0.6284449100494385,-0.1823875904083252,0.9995637536048889,-0.05744297057390213,-0.6279931664466858,-0.18396291136741638,0.9995945692062378,-0.057253167033195496,-0.6279944181442261,-0.18146660923957825,0.9995245933532715,-0.09032934159040451,-0.6279925107955933,-0.18063174188137054,0.9995673894882202,-0.08830340206623077,-0.6282184720039368,-0.18187211453914642,0.9996011853218079,-0.08908630162477493,-0.6270400285720825,-0.1777292639017105,0.9995277523994446,0.027797410264611244,-0.6311449408531189,-0.10245522856712341,0.9995693564414978,-0.11126912385225296,-0.6290451884269714,-0.07046309113502502,0.9995241761207581,-0.035297028720378876,-0.5611436367034912,-0.16648268699645996,0.9998654723167419,-0.07688944041728973,-0.5583621859550476,-0.15553031861782074,0.9998511672019958,0.15894852578639984,-0.4422731101512909,-0.05019686743617058,0.9994313716888428,-0.15458983182907104,-0.4450678527355194,-0.009815624915063381,0.9995740056037903,0.18449604511260986,-0.270791620016098,-0.15826496481895447,0.9173051118850708,-0.2084072232246399,-0.24549312889575958,-0.10632550716400146,0.8801559209823608,0.05447667837142944,-0.40662744641304016,-0.29829898476600647,0.6147156357765198,-0.13583451509475708,-0.3808543384075165,-0.2889489531517029,0.626831591129303,-0.0010600833920761943,-0.4403451979160309,-0.3433827757835388,0.5907771587371826,-0.10612314939498901,-0.41298016905784607,-0.3402858078479767,0.5990045070648193,0.0015104085905477405,-0.4856407344341278,-0.3133040964603424,0.626316249370575,-0.1052105724811554,-0.4595237672328949,-0.29145753383636475,0.6299861073493958,0.03927889093756676,-0.4346819519996643,-0.2928133010864258,0.6127516031265259,-0.12205881625413895,-0.4034114480018616,-0.27295687794685364,0.6223487257957458,0.11370503902435303,-0.0013579201186075807,-0.013935700058937073,0.29718029499053955,-0.11193183064460754,-0.0038024336099624634,0.014346538111567497,0.3003919720649719,0.13285017013549805,-0.0678924024105072,-0.10231250524520874,0.046309150755405426,-0.14941248297691345,-0.038653627038002014,-0.0723077654838562,0.06368587911128998,0.13372169435024261,0.19231918454170227,0.20873618125915527,0.012165475636720657,-0.0849476307630539,0.37220847606658936,0.22647467255592346,0.02294171415269375,0.13492347300052643,0.20219255983829498,0.22783587872982025,0.006590744946151972,-0.06502769887447357,0.38886797428131104,0.2596774399280548,0.011413593776524067,0.14829906821250916,0.1662534475326538,0.014791510999202728,0.013198553584516048,-0.08451174199581146,0.42961385846138,0.048305727541446686,0.019368484616279602,17,0.567,0.4826388955116272,0.5894869565963745,-1.6437509486877389e-07,,0.48421570658683777,0.525188148021698,0.007237796206027269,,0.4973352253437042,0.4775508940219879,0.007055914495140314,,0.5135365128517151,0.45830413699150085,0.0033091704826802015,,0.5300019979476929,0.45504555106163025,0.00048481085104867816,,0.509627103805542,0.43939775228500366,0.010761387646198273,,0.5328260660171509,0.42459821701049805,0.0054976120591163635,,0.5353297591209412,0.44587671756744385,0.0005944156437180936,,0.5292150974273682,0.46359783411026,-0.002098452067002654,,0.5227856636047363,0.45216214656829834,0.002816029591485858,,0.5454423427581787,0.44769802689552307,0.0004331913369242102,,0.5440397262573242,0.46742311120033264,-0.0031315607484430075,,0.5337333679199219,0.4806978106498718,-0.005412987433373928,,0.535309910774231,0.4726451337337494,-0.005292557645589113,,0.5544306635856628,0.4755423963069916,-0.004895321559160948,,0.5505107045173645,0.49341049790382385,-0.003176129423081875,,0.5399086475372314,0.5029963254928589,-0.0025807663332670927,,0.5453806519508362,0.4991438090801239,-0.013654700480401516,,0.5599002242088318,0.5039019584655762,-0.010638820007443428,,0.5544769763946533,0.5193843245506287,-0.005926532670855522,,0.5448869466781616,0.5288636684417725,-0.002436836948618293,,0.670494556427002,0.5640538930892944,-9.460259775551094e-08,,0.6783931851387024,0.49672991037368774,-0.0007734736427664757,,0.6755338311195374,0.45148178935050964,-0.0041151694022119045,,0.6602148413658142,0.43131327629089355,-0.008495567366480827,,0.6442384123802185,0.4380537271499634,-0.012969374656677246,,0.6391239762306213,0.418714314699173,-0.0038810160476714373,,0.6299695372581482,0.40418723225593567,-0.010643654502928257,,0.6355714797973633,0.41925713419914246,-0.01788853108882904,,0.6440514326095581,0.4330486059188843,-0.022577837109565735,,0.6228934526443481,0.4376208782196045,-0.006662857253104448,,0.6219204068183899,0.4385734796524048,-0.008308565244078636,,0.6285436749458313,0.4518464505672455,-0.011500402353703976,,0.6371297240257263,0.46478331089019775,-0.015127111226320267,,0.6121205687522888,0.46772849559783936,-0.009425804018974304,,0.6144953966140747,0.4674536883831024,-0.011659360490739346,,0.6214843988418579,0.4779285490512848,-0.01189691387116909,,0.6302782297134399,0.4904925227165222,-0.012887684628367424,,0.6037073731422424,0.4992256760597229,-0.012472656555473804,,0.6082716584205627,0.4978320002555847,-0.014497370459139347,,0.6161033511161804,0.506864070892334,-0.012640673667192459,,0.6227602362632751,0.516291618347168,-0.010652918368577957,
-0.07728662341833115,-0.5863142609596252,-0.18812653422355652,0.9997796416282654,-0.06524797528982162,-0.6299402117729187,-0.18180441856384277,0.9995982050895691,-0.06590697169303894,-0.6294831037521362,-0.18330959975719452,0.9996251463890076,-0.0657513216137886,-0.6294848918914795,-0.1808302253484726,0.999561071395874,-0.09930652379989624,-0.6286843419075012,-0.17988978326320648,0.9996026158332825,-0.09724444150924683,-0.6288778781890869,-0.1811789870262146,0.9996329545974731,-0.09802267700433731,-0.6276953220367432,-0.17703638970851898,0.9995666146278381,0.0193952564150095,-0.6343669295310974,-0.10110531747341156,0.9996049404144287,-0.12173755466938019,-0.6289861798286438,-0.06781382113695145,0.9995666146278381,-0.04278437793254852,-0.562555730342865,-0.16575992107391357,0.9998764991760254,-0.08490420132875443,-0.5587493777275085,-0.15450932085514069,0.9998638033866882,0.15254777669906616,-0.45091888308525085,-0.05089752376079559,0.999474048614502,-0.16165891289710999,-0.4443831145763397,-0.006852280348539352,0.9996060132980347,0.1861206740140915,-0.28244489431381226,-0.15863412618637085,0.9254962205886841,-0.21322515606880188,-0.2509157061576843,-0.10660354793071747,0.8920049071311951,0.03483795002102852,-0.4060761034488678,-0.2952154278755188,0.653143048286438,-0.13771024346351624,-0.37804660201072693,-0.28155115246772766,0.664003849029541,-0.02553417533636093,-0.43680906295776367,-0.34001466631889343,0.6304190158843994,-0.10875412076711655,-0.4097606837749481,-0.33299121260643005,0.6376126408576965,-0.02563982456922531,-0.4821617901325226,-0.3116496205329895,0.6622913479804993,-0.10826020687818527,-0.4555455148220062,-0.2891710102558136,0.6653309464454651,0.017847929149866104,-0.43349024653434753,-0.2899863123893738,0.649964451789856,-0.12435471266508102,-0.4003727436065674,-0.2692621946334839,0.658149778842926,0.1137528270483017,-0.0016573913162574172,-0.01390540599822998,0.33200210332870483,-0.11210620403289795,-0.0033959122374653816,0.014307812787592411,0.33396369218826294,0.13236232101917267,-0.06539688259363174,-0.09933174401521683,0.04337724670767784,-0.151086688041687,-0.026923367753624916,-0.07224567234516144,0.059589922428131104,0.13340280950069427,0.19561202824115753,0.20854885876178741,0.011439875699579716,-0.09356581419706345,0.37421151995658875,0.22389233112335205,0.02111092582345009,0.13471940159797668,0.20434728264808655,0.22680477797985077,0.006265078205615282,-0.07532048970460892,0.3942948579788208,0.2564166486263275,0.010680947452783585,0.15006768703460693,0.17304585874080658,0.013238840736448765,0.01232179719954729,-0.09144040197134018,0.44966956973075867,0.04744191840291023,0.017877237871289253,18,0.6,0.48672640323638916,0.5941280722618103,-1.6771763000633655e-07,,0.48765504360198975,0.5286527872085571,0.00645807757973671,,0.49828651547431946,0.48221519589424133,0.006286425981670618,,0.5154537558555603,0.46531152725219727,0.003444165922701359,,0.5301246047019958,0.4702591896057129,0.001249393681064248,,0.5104840397834778,0.4461708962917328,0.007710711099207401,,0.5370363593101501,0.4462454617023468,0.004588376730680466,,0.5357663631439209,0.4687592089176178,0.0009695653570815921,,0.5278592109680176,0.48198267817497253,-0.0018052925588563085,,0.5244747996330261,0.4583905041217804,0.0008534055668860674,,0.5477199554443359,0.4639902710914612,0.00030513451201841235,,0.5437180399894714,0.4835042357444763,-0.0016661555273458362,,0.533311128616333,0.4937323331832886,-0.0035547055304050446,,0.5375053882598877,0.47903209924697876,-0.005815960932523012,,0.5562376379966736,0.4855285882949829,-0.004650063347071409,,0.5502142310142517,0.5024613738059998,-0.00229122512973845,,0.5393860340118408,0.5104777216911316,-0.0015861697029322386,,0.5477311015129089,0.5051610469818115,-0.01255528163164854,,0.5604453682899475,0.508891224861145,-0.009700821712613106,,0.5536262392997742,0.524510383605957,-0.0045675355941057205,,0.5440978407859802,0.53314608335495,-0.0008573403465561569,,0.6522773504257202,0.5727930068969727,-2.8347661995553608e-08,,0.662740170955658,0.5136736631393433,-0.004585680086165667,,0.660489022731781,0.46439027786254883,-0.008484496735036373,,0.6472423076629639,0.44217485189437866,-0.011808031238615513,,0.6344479322433472,0.44278621673583984,-0.01463315635919571,,0.6171737909317017,0.4419611394405365,-0.006716009695082903,,0.6221359968185425,0.4304639995098114,-0.013334902003407478,,0.6326092481613159,0.4449401795864105,-0.020358571782708168,,0.638680100440979,0.45914316177368164,-0.024843836203217506,,0.6028004288673401,0.4644905924797058,-0.006991702131927013,,0.6123766303062439,0.45727282762527466,-0.009482280351221561,,0.6224029660224915,0.46841832995414734,-0.01238171849399805,,0.6293751001358032,0.48318150639533997,-0.015341556631028652,,0.5947447419166565,0.4936180114746094,-0.0073987022042274475,,0.6038614511489868,0.4840024411678314,-0.009856279008090496,,0.6122549772262573,0.4923342764377594,-0.00923672690987587,,0.6189817190170288,0.5057613849639893,-0.009300277568399906,,0.5902894735336304,0.5219663977622986,-0.008261152543127537,,0.5972286462783813,0.5117647051811218,-0.00990809965878725,,0.6057389378547668,0.5188379883766174,-0.0072125098668038845,,0.6113243103027344,0.5288110971450806,-0.0045706965029239655,
-0.08115188777446747,-0.586421012878418,-0.19582365453243256,0.9997957348823547,-0.07004205137491226,-0.6303365230560303,-0.18933707475662231,0.9996277093887329,-0.0706578865647316,-0.6298821568489075,-0.19081628322601318,0.9996511936187744,-0.07050427794456482,-0.6298835873603821,-0.18839000165462494,0.9995917677879333,-0.10462715476751328,-0.6288289427757263,-0.18809287250041962,0.9996331930160522,-0.10252345353364944,-0.6290391683578491,-0.1893543154001236,0.9996606707572937,-0.10328347235918045,-0.6278631091117859,-0.1852397620677948,0.9996005892753601,0.011056847870349884,-0.6370172500610352,-0.10584981739521027,0.999635636806488,-0.13268594443798065,-0.6284338235855103,-0.07582317292690277,0.9996047019958496,-0.04771728068590164,-0.5632719993591309,-0.17236284911632538,0.999886155128479,-0.09045086055994034,-0.5589591860771179,-0.16216522455215454,0.9998750686645508,0.1445925384759903,-0.4582679569721222,-0.052748844027519226,0.9995131492614746,-0.173317551612854,-0.4434860050678253,-0.013504075817763805,0.9996349215507507,0.18667787313461304,-0.2855594754219055,-0.15905232727527618,0.9328475594520569,-0.21656134724617004,-0.2509472072124481,-0.1182514950633049,0.902671217918396,0.016939174383878708,-0.3904866576194763,-0.29516878724098206,0.687681257724762,-0.13098834455013275,-0.37370580434799194,-0.2833302319049835,0.6974279880523682,-0.04573517665266991,-0.4174974262714386,-0.33986935019493103,0.6656577587127686,-0.09850495308637619,-0.40770581364631653,-0.3334996700286865,0.6721437573432922,-0.04976176843047142,-0.4636757969856262,-0.3147951662540436,0.6942059397697449,-0.09982556849718094,-0.4551352560520172,-0.2942442297935486,0.6969076991081238,-0.0019244665745645761,-0.41736069321632385,-0.29119622707366943,0.6829280257225037,-0.11789494752883911,-0.3970678448677063,-0.2708660364151001,0.6900302171707153,0.11377991735935211,-0.0024489574134349823,-0.01364690437912941,0.3638116419315338,-0.11234762519598007,-0.002701727207750082,0.013928504660725594,0.3641514480113983,0.132393017411232,-0.06301886588335037,-0.09476947784423828,0.04098983854055405,-0.14963868260383606,0.005683063063770533,-0.0708928182721138,0.05625840276479721,0.1346902698278427,0.19781333208084106,0.20801255106925964,0.010806591250002384,-0.09501335024833679,0.38082176446914673,0.22159159183502197,0.01951361633837223,0.1362798660993576,0.20610375702381134,0.22654162347316742,0.005979003384709358,-0.07747276872396469,0.4032091200351715,0.2541505694389343,0.01005915179848671,0.15582305192947388,0.17817772924900055,0.015173850581049919,0.011597094126045704,-0.09276170283555984,0.4709889888763428,0.04690064862370491,0.01662791520357132,19,0.633,0.4900435507297516,0.6015276312828064,-1.563679745686386e-07,,0.4893728494644165,0.5401284694671631,0.0037373153027147055,,0.5005144476890564,0.49648189544677734,0.0020767468959093094,,0.5184117555618286,0.48254355788230896,-0.0015179228503257036,,0.5311702489852905,0.48871365189552307,-0.004483637399971485,,0.5150473117828369,0.4615579843521118,0.0034948873799294233,,0.5429392457008362,0.46954476833343506,-0.0013260720297694206,,0.5415517091751099,0.4913349747657776,-0.005976934917271137,,0.5337784886360168,0.5033354759216309,-0.009237631224095821,,0.5274699330329895,0.47731202840805054,-0.0021798040252178907,,0.5513989925384521,0.49032145738601685,-0.0043846373446285725,,0.5472463965415955,0.5085097551345825,-0.0066370065324008465,,0.5375808477401733,0.5183561444282532,-0.008428972214460373,,0.5384569764137268,0.49994957447052,-0.007829619571566582,,0.558070957660675,0.5119328498840332,-0.00853985920548439,,0.5522267818450928,0.5276830792427063,-0.006685654167085886,,0.5424384474754333,0.5353108644485474,-0.005699295550584793,,0.5471638441085815,0.5269784927368164,-0.013661237433552742,,0.5607416033744812,0.533424437046051,-0.012502907775342464,,0.5542510747909546,0.5469983816146851,-0.00822736881673336,,0.5453820824623108,0.5539103150367737,-0.004698093980550766,,0.634245753288269,0.5677245855331421,-2.1100507296978321e-07,,0.6509383916854858,0.5138432383537292,-0.003995420876890421,,0.6561260223388672,0.4670329988002777,-0.007531799376010895,,0.6428825855255127,0.45078134536743164,-0.0101324412971735,,0.6266166567802429,0.46701428294181824,-0.013215749524533749,,0.6062006950378418,0.4453393518924713,-0.014299466274678707,,0.6104147434234619,0.44497624039649963,-0.018290357664227486,,0.6210504174232483,0.4651638865470886,-0.021990856155753136,,0.6273882389068604,0.48150435090065,-0.024682018905878067,,0.5889841914176941,0.46977943181991577,-0.014856263995170593,,0.5978262424468994,0.4742703139781952,-0.013722228817641735,,0.6068463325500488,0.4891066551208496,-0.014669050462543964,,0.6142425537109375,0.5028984546661377,-0.017721548676490784,,0.5802766680717468,0.5014982223510742,-0.014530641958117485,,0.5898239016532898,0.5063398480415344,-0.015119859017431736,,0.5991910696029663,0.5168103575706482,-0.016198359429836273,,0.6067494750022888,0.5290041565895081,-0.01855994015932083,,0.5750030875205994,0.53453528881073,-0.014251815155148506,,0.5845610499382019,0.5382581949234009,-0.015531102195382118,,0.5938742160797119,0.5469193458557129,-0.014296489767730236,,0.6004541516304016,0.5563968420028687,-0.01347142830491066,
-0.08431316167116165,-0.5864982008934021,-0.19407005608081818,0.9998107552528381,-0.07336073368787766,-0.6303655505180359,-0.18752381205558777,0.9996553659439087,-0.0739709734916687,-0.6299110651016235,-0.18897956609725952,0.9996759295463562,-0.073817677795887,-0.629911482334137,-0.1865455061197281,0.9996210336685181,-0.1080174371600151,-0.6287451982498169,-0.18642038106918335,0.9996612668037415,-0.10590502619743347,-0.6289658546447754,-0.18771052360534668,0.999686062335968,-0.1066543310880661,-0.627797544002533,-0.1835929900407791,0.9996314644813538,0.008227963000535965,-0.6378529071807861,-0.1046038419008255,0.9996646642684937,-0.1353784054517746,-0.627743124961853,-0.0748210996389389,0.9996392726898193,-0.05078624561429024,-0.5633240342140198,-0.1707341969013214,0.9998953342437744,-0.09354036301374435,-0.5589885115623474,-0.16068224608898163,0.9998855590820312,0.14334073662757874,-0.4592456817626953,-0.051527075469493866,0.9995510578155518,-0.17548799514770508,-0.44314512610435486,-0.014299058355391026,0.9996629953384399,0.18737977743148804,-0.2839230000972748,-0.15870998799800873,0.9394614696502686,-0.21601645648479462,-0.2565132975578308,-0.12027963995933533,0.9122777581214905,0.020146368071436882,-0.3917331099510193,-0.29294300079345703,0.7187702655792236,-0.11295770853757858,-0.3862013816833496,-0.2825028598308563,0.727520763874054,-0.04080714285373688,-0.4196065664291382,-0.3374123275279999,0.6974220871925354,-0.07753968983888626,-0.421309232711792,-0.333001047372818,0.7032524943351746,-0.04355243965983391,-0.4662874639034271,-0.3123103976249695,0.7229814529418945,-0.07880384474992752,-0.4682590961456299,-0.29470694065093994,0.7253519296646118,0.0019064396619796753,-0.41898491978645325,-0.2890012860298157,0.7126649022102356,-0.09938444942235947,-0.4096611738204956,-0.27193793654441833,0.7187762260437012,0.11388160288333893,-0.0027790735475718975,-0.013601936399936676,0.3936100900173187,-0.11262362450361252,-0.0024045882746577263,0.013893679715692997,0.3916495442390442,0.13260959088802338,-0.06162942573428154,-0.0944303572177887,0.03890176862478256,-0.14880698919296265,0.006464601494371891,-0.07047511637210846,0.053207479417324066,0.13862496614456177,0.19768503308296204,0.20770204067230225,0.010290144942700863,-0.09381426125764847,0.3839316964149475,0.22255918383598328,0.018070369958877563,0.1407589465379715,0.20510831475257874,0.22558799386024475,0.005736286286264658,-0.07676002383232117,0.40570321679115295,0.2541149854660034,0.00951328407973051,0.1611296832561493,0.1814028024673462,0.014226586557924747,0.010977537371218204,-0.0926111489534378,0.4696558713912964,0.04623233526945114,0.015496909618377686,20,0.667,0.49192360043525696,0.6056806445121765,-1.2222729139921285e-07,,0.48839953541755676,0.5492783188819885,0.0047264425083994865,,0.49680522084236145,0.508233904838562,0.003918814472854137,,0.513774037361145,0.49334442615509033,0.0012699440121650696,,0.5265763998031616,0.5008143186569214,-0.000681126955896616,,0.5102208256721497,0.47164592146873474,0.0037837938871234655,,0.5343836545944214,0.4741779565811157,0.0022368920035660267,,0.5337613224983215,0.4927409887313843,0.0008384550455957651,,0.5268980264663696,0.5047734975814819,-0.00035196368116885424,,0.5234646201133728,0.48623138666152954,-0.001714613288640976,,0.544940710067749,0.4910449683666229,-0.0011553484946489334,,0.5417934656143188,0.5085027813911438,-0.0013802802423015237,,0.5329117774963379,0.5191488862037659,-0.0020655435509979725,,0.5354796648025513,0.508237361907959,-0.006834276951849461,,0.5523176789283752,0.5123251080513,-0.005550584755837917,,0.5475260615348816,0.5285326242446899,-0.002664320869371295,,0.5388436913490295,0.5378496050834656,-0.0014093074714764953,,0.5447313189506531,0.5348053574562073,-0.011936911381781101,,0.558097779750824,0.5329551100730896,-0.009462700225412846,,0.5521836876869202,0.5473050475120544,-0.004270215984433889,,0.5439727902412415,0.5566741824150085,-0.0004505192337092012,,0.6429272890090942,0.5742032527923584,-1.1374977759714966e-07,,0.6551637053489685,0.5200358629226685,0.0006523380288854241,,0.654565155506134,0.4731893837451935,0.0003011640510521829,,0.6401523351669312,0.45361387729644775,0.00023336097365245223,,0.6271421909332275,0.46791350841522217,-4.1098941437667236e-05,,0.6114246249198914,0.4489938020706177,-0.004451383836567402,,0.6140655875205994,0.4561615586280823,-0.00507840421050787,,0.6219016909599304,0.47297391295433044,-0.007407832890748978,,0.6265047192573547,0.48401978611946106,-0.009837420657277107,,0.5937758088111877,0.4707164168357849,-0.006100663915276527,,0.6008065938949585,0.48165082931518555,-0.0021481888834387064,,0.6083487868309021,0.495699018239975,-0.0023367125540971756,,0.6134727001190186,0.5063605308532715,-0.004881204105913639,,0.5834685564041138,0.49969586730003357,-0.00676367525011301,,0.5916127562522888,0.5090978145599365,-0.00437390198931098,,0.5991740822792053,0.5193091034889221,-0.0041184453293681145,,0.6047784090042114,0.5285341739654541,-0.005943438038229942,,0.5773178339004517,0.5301898717880249,-0.007333565503358841,,0.5844845175743103,0.5370512008666992,-0.0069040050730109215,,0.5928747057914734,0.5469822287559509,-0.004823900759220123,,0.5978290438652039,0.555368185043335,-0.003363940166309476,
-0.09333635866641998,-0.5864900946617126,-0.1880151480436325,0.9998225569725037,-0.08308729529380798,-0.6303858757019043,-0.1817261129617691,0.9996779561042786,-0.08368592709302902,-0.6299310922622681,-0.18317177891731262,0.9996959567070007,-0.0835408940911293,-0.6299311518669128,-0.18072687089443207,0.9996448755264282,-0.11732327938079834,-0.6285682916641235,-0.1803559958934784,0.9996837377548218,-0.11521730571985245,-0.6287978887557983,-0.1816592961549759,0.9997057914733887,-0.11596231162548065,-0.6276351809501648,-0.1775324046611786,0.9996558427810669,-0.0006309253512881696,-0.6384849548339844,-0.10125609487295151,0.9996893405914307,-0.14202937483787537,-0.6266453862190247,-0.06988063454627991,0.999668300151825,-0.05899792164564133,-0.5633773803710938,-0.1655421257019043,0.9999030828475952,-0.10117834061384201,-0.5588077902793884,-0.15499134361743927,0.9998942017555237,0.13792695105075836,-0.4598981440067291,-0.05002935230731964,0.9995841383934021,-0.1780741959810257,-0.4412118196487427,-0.010871943086385727,0.999685525894165,0.18416839838027954,-0.2827630341053009,-0.1574646234512329,0.9454118609428406,-0.21603591740131378,-0.25529009103775024,-0.11879602819681168,0.9208993315696716,0.014997759833931923,-0.38956159353256226,-0.28700757026672363,0.7467482686042786,-0.11789076030254364,-0.3827808201313019,-0.2732926607131958,0.7545958161354065,-0.0455465130507946,-0.4167631268501282,-0.33030927181243896,0.7259834408760071,-0.08519788086414337,-0.41737526655197144,-0.3212219774723053,0.7312136888504028,-0.0475013293325901,-0.46317899227142334,-0.30495384335517883,0.7488445043563843,-0.08656588196754456,-0.465365469455719,-0.2852422595024109,0.7509111762046814,-0.002916721859946847,-0.4166026711463928,-0.2826937139034271,0.7393907904624939,-0.10471123456954956,-0.40672722458839417,-0.2644714117050171,0.744609534740448,0.11386306583881378,-0.003034920198842883,-0.013892842456698418,0.41876471042633057,-0.11263325065374374,-0.002129307948052883,0.014119330793619156,0.41408416628837585,0.1319769024848938,-0.060724515467882156,-0.09355931729078293,0.037077080458402634,-0.14825129508972168,0.004718823358416557,-0.07083061337471008,0.05043654888868332,0.13914994895458221,0.19884245097637177,0.20317411422729492,0.009844716638326645,-0.09149487316608429,0.38533467054367065,0.2220240980386734,0.01677902229130268,0.1414346694946289,0.20640142261981964,0.22023135423660278,0.005514560267329216,-0.07498114556074142,0.4069502055644989,0.253341943025589,0.009040354751050472,0.16122229397296906,0.18180382251739502,0.011423961259424686,0.01041473913937807,-0.09237805753946304,0.4686643183231354,0.04574291408061981,0.01446942426264286,21,0.7,,,,,,,,,,,,,,,,,,,,,,,,,,,,,,,,,,,,,,,,,,,,,,,,,,,,,,,,,,,,,,,,,,,,,,,,,,,,,,,,,,,,,0.6367924213409424,0.5672162175178528,-9.002803835755913e-08,,0.6509775519371033,0.5161402821540833,-0.001250817789696157,,0.6508761644363403,0.4716378450393677,-0.0021388474851846695,,0.6374543309211731,0.4528375566005707,-0.0022959623020142317,,0.6260931491851807,0.4661349654197693,-0.002492208732292056,,0.6078593134880066,0.44739437103271484,-0.005552786402404308,,0.6110385656356812,0.45433226227760315,-0.007383874151855707,,0.6185351610183716,0.47141945362091064,-0.01092192716896534,,0.6232540607452393,0.48335394263267517,-0.014020361006259918,,0.5903388857841492,0.4667656421661377,-0.006294202990829945,,0.5996689200401306,0.48284995555877686,-0.003136536106467247,,0.6071186661720276,0.496453195810318,-0.004031660966575146,,0.6117633581161499,0.5059236884117126,-0.006980985403060913,,0.5805194973945618,0.4954395294189453,-0.006399591453373432,,0.5913863182067871,0.5106978416442871,-0.004679400939494371,,0.5989664196968079,0.520508348941803,-0.005197679158300161,,0.603776752948761,0.5285397171974182,-0.007478321436792612,,0.57476407289505,0.5268284678459167,-0.0066686817444860935,,0.5846070647239685,0.5385667085647583,-0.007400665897876024,,0.5928052663803101,0.5475040078163147,-0.006871683988720179,,0.596649169921875,0.5545359253883362,-0.006407092325389385,
-0.0994744822382927,-0.5865293741226196,-0.17956209182739258,0.9998338222503662,-0.08918335288763046,-0.6304117441177368,-0.1734360307455063,0.9996995329856873,-0.08977819234132767,-0.6299570798873901,-0.1748521327972412,0.9997151494026184,-0.08964037150144577,-0.6299566030502319,-0.17239806056022644,0.9996676445007324,-0.1231752336025238,-0.6285195350646973,-0.17178460955619812,0.9997051358222961,-0.12107984721660614,-0.6287573575973511,-0.17311349511146545,0.9997246861457825,-0.12182077020406723,-0.6275977492332458,-0.1689782440662384,0.9996790885925293,-0.006007061805576086,-0.6390848159790039,-0.09459109604358673,0.999711811542511,-0.14589692652225494,-0.6263065934181213,-0.06180887669324875,0.9996950030326843,-0.06478717923164368,-0.5634139776229858,-0.15770888328552246,0.9999099969863892,-0.10652164369821548,-0.5588013529777527,-0.1467326432466507,0.9999019503593445,0.13393603265285492,-0.46039849519729614,-0.045996662229299545,0.9996123909950256,-0.18041323125362396,-0.4400290846824646,-0.0029375464655458927,0.999704897403717,0.1802552491426468,-0.2819717526435852,-0.15581686794757843,0.9507634043693542,-0.21764206886291504,-0.2548675835132599,-0.11127318441867828,0.9286479949951172,0.013219679705798626,-0.39443477988243103,-0.28403931856155396,0.7719399333000183,-0.12476494163274765,-0.3764985203742981,-0.26592501997947693,0.7789710760116577,-0.0461847148835659,-0.4232005774974823,-0.32675644755363464,0.7518166899681091,-0.09490169584751129,-0.4103294909000397,-0.3127298951148987,0.7564817070960999,-0.04668249934911728,-0.4706132113933563,-0.3020731806755066,0.772270679473877,-0.09599445760250092,-0.45850545167922974,-0.2795584797859192,0.7740564346313477,-0.003813219489529729,-0.42231133580207825,-0.27994370460510254,0.7636019587516785,-0.1119120866060257,-0.40057098865509033,-0.2586449384689331,0.7680324912071228,0.1138027235865593,-0.0034161752555519342,-0.014436759985983372,0.44104260206222534,-0.11262879520654678,-0.0017553422367200255,0.014587197452783585,0.4331865906715393,0.12971065938472748,-0.060212358832359314,-0.09277932345867157,0.03526229411363602,-0.14990662038326263,0.005334396380931139,-0.06950265914201736,0.047593213617801666,0.13796941936016083,0.19955025613307953,0.19777384400367737,0.009442867711186409,-0.09175139665603638,0.3861488997936249,0.22279950976371765,0.015543065033853054,0.140231192111969,0.2073422372341156,0.21395811438560486,0.005303927231580019,-0.07528437674045563,0.40758952498435974,0.253733366727829,0.008556353859603405,0.15821534395217896,0.18334349989891052,0.004972297232598066,0.009904718026518822,-0.0944710224866867,0.46772387623786926,0.04614947363734245,0.013486998155713081,22,0.734,,,,,,,,,,,,,,,,,,,,,,,,,,,,,,,,,,,,,,,,,,,,,,,,,,,,,,,,,,,,,,,,,,,,,,,,,,,,,,,,,,,,,0.6300681233406067,0.5623977184295654,-7.27098807828952e-08,,0.6455228924751282,0.5131286978721619,-0.0017252526013180614,,0.6457874774932861,0.46991488337516785,-0.002618729369714856,,0.632847249507904,0.4512067139148712,-0.0026616256218403578,,0.6212501525878906,0.46395695209503174,-0.0027408332098275423,,0.6022220849990845,0.44528114795684814,-0.005931262858211994,,0.6056249141693115,0.4510606527328491,-0.007365827914327383,,0.6129889488220215,0.46750181913375854,-0.01044633612036705,,0.6179470419883728,0.4797059893608093,-0.013211064040660858,,0.5848454236984253,0.4654751121997833,-0.006351702380925417,,0.5939785242080688,0.47894608974456787,-0.003042415017262101,,0.6014807224273682,0.49186742305755615,-0.00381715246476233,,0.6059589385986328,0.5019087195396423,-0.006659047212451696,,0.5751673579216003,0.49442005157470703,-0.006138716358691454,,0.5861166715621948,0.5066496729850769,-0.004464548081159592,,0.5936095118522644,0.5151679515838623,-0.005063443444669247,,0.5980392694473267,0.5234255790710449,-0.007306357380002737,,0.5694336891174316,0.5258634090423584,-0.006073365453630686,,0.5794191360473633,0.5340214371681213,-0.006821014918386936,,0.5876854062080383,0.5416743159294128,-0.006263998337090015,,0.5914472937583923,0.5488176941871643,-0.005763031076639891,
-0.10865078866481781,-0.5859862565994263,-0.1689930260181427,0.9998413324356079,-0.09864473342895508,-0.6301571130752563,-0.1637497842311859,0.9997150897979736,-0.0992160439491272,-0.6297045350074768,-0.16516298055648804,0.999728262424469,-0.09907654672861099,-0.6297121047973633,-0.16272632777690887,0.999683678150177,-0.13216833770275116,-0.6278896927833557,-0.1611655205488205,0.9997206926345825,-0.13007919490337372,-0.6281489133834839,-0.16247545182704926,0.9997377395629883,-0.13081930577754974,-0.6269927024841309,-0.15835845470428467,0.9996959567070007,-0.012431513518095016,-0.6395394802093506,-0.08797387033700943,0.9997290968894958,-0.15034011006355286,-0.6258993744850159,-0.051296595484018326,0.9997164011001587,-0.07248804718255997,-0.5633630156517029,-0.1481439471244812,0.9999149441719055,-0.11350830644369125,-0.5583620667457581,-0.13608774542808533,0.9999077320098877,0.1305556446313858,-0.4615958333015442,-0.041332583874464035,0.9996352195739746,-0.18191631138324738,-0.439203143119812,0.006463378202170134,0.9997214674949646,0.17256464064121246,-0.2830956280231476,-0.15305593609809875,0.9555472731590271,-0.21769945323467255,-0.25452253222465515,-0.10015524178743362,0.9355630278587341,0.009144951589405537,-0.3995100259780884,-0.27959150075912476,0.7945777773857117,-0.12756547331809998,-0.37407344579696655,-0.255888968706131,0.8008506894111633,-0.04846256598830223,-0.42962944507598877,-0.3223729431629181,0.7748738527297974,-0.09880118072032928,-0.4079042375087738,-0.30136117339134216,0.7788730263710022,-0.04856717586517334,-0.47661998867988586,-0.29845255613327026,0.7931573390960693,-0.10025026649236679,-0.4562658369541168,-0.27117228507995605,0.7944895029067993,-0.00726171862334013,-0.4274649918079376,-0.2759227752685547,0.7851485013961792,-0.11497622728347778,-0.3982822895050049,-0.24999557435512543,0.7886291146278381,0.11360406875610352,-0.003921546507626772,-0.014762336388230324,0.4615689218044281,-0.11256881058216095,-0.0013150761369615793,0.014874549582600594,0.452240914106369,0.1284155398607254,-0.05597001686692238,-0.0899394303560257,0.03363016992807388,-0.1492955982685089,0.018773376941680908,-0.06626627594232559,0.04529571160674095,0.1369633972644806,0.20014704763889313,0.19671104848384857,0.009031693451106548,-0.09187761694192886,0.3921530842781067,0.22217649221420288,0.014498606324195862,0.13918724656105042,0.20758722722530365,0.21275930106639862,0.00509562948718667,-0.0758012905716896,0.4140619933605194,0.2532787024974823,0.008156170137226582,0.1574525088071823,0.1905352771282196,0.00556832505390048,0.009436999447643757,-0.09710332006216049,0.47347936034202576,0.04581478610634804,0.012682977132499218,23,0.767,0.4878496825695038,0.5992542505264282,-1.930394972760041e-07,,0.4804314374923706,0.544390857219696,0.001860603573732078,,0.4858624041080475,0.4998776614665985,-0.0024753129109740257,,0.5016177892684937,0.4780997633934021,-0.008166670799255371,,0.5144460201263428,0.47848597168922424,-0.013221302069723606,,0.502701461315155,0.46407681703567505,-0.007542516104876995,,0.5333523750305176,0.46265166997909546,-0.012759904377162457,,0.5364200472831726,0.48888251185417175,-0.014581119641661644,,0.5322862863540649,0.5076492428779602,-0.015552480705082417,,0.5167893767356873,0.47725430130958557,-0.012155949138104916,,0.5439414978027344,0.487563818693161,-0.015000157058238983,,0.5403161644935608,0.5103768110275269,-0.014910402707755566,,0.5314147472381592,0.5223349332809448,-0.015495681203901768,,0.5290299654006958,0.49949634075164795,-0.016172301024198532,,0.5503678917884827,0.5111227631568909,-0.017416613176465034,,0.5454464554786682,0.5297644734382629,-0.014218730852007866,,0.5361545085906982,0.5393522381782532,-0.012980408035218716,,0.5386856198310852,0.5247714519500732,-0.020200090482831,,0.5543490648269653,0.5353221297264099,-0.01880897767841816,,0.5487111806869507,0.550084114074707,-0.014125781133770943,,0.5399360060691833,0.5575763583183289,-0.010814880020916462,,0.6275122761726379,0.5619859099388123,-9.702689851565083e-08,,0.6424461603164673,0.5117889046669006,-0.0008340674685314298,,0.6428129076957703,0.4697622060775757,-0.0016194217605516315,,0.6304382085800171,0.45204785466194153,-0.0017449437873438,,0.6182917356491089,0.4619775712490082,-0.0020304080098867416,,0.599247395992279,0.4430544376373291,-0.005632095504552126,,0.5998064279556274,0.45186924934387207,-0.0074221123941242695,,0.6069636344909668,0.46968042850494385,-0.010253042913973331,,0.612710177898407,0.48275041580200195,-0.012491864152252674,,0.5819714069366455,0.4637863337993622,-0.0062642777338624,,0.5891470313072205,0.47981470823287964,-0.003431233111768961,,0.5962610840797424,0.49471142888069153,-0.004188335034996271,,0.6019558906555176,0.5057148337364197,-0.006751585751771927,,0.5724995732307434,0.4928576350212097,-0.006189929787069559,,0.581518292427063,0.5063400268554688,-0.0051208315417170525,,0.5886340737342834,0.5165866017341614,-0.005910273175686598,,0.5944477915763855,0.525838315486908,-0.007991236634552479,,0.5672295689582825,0.5240768790245056,-0.006118627730756998,,0.5762374401092529,0.5339491367340088,-0.007416951935738325,,0.5847583413124084,0.5436171293258667,-0.0070800804533064365,,0.5896502137184143,0.5512595176696777,-0.006435093004256487,
-0.11386890709400177,-0.5852577686309814,-0.16612569987773895,0.9998497366905212,-0.10405770689249039,-0.6297080516815186,-0.16113539040088654,0.9997310042381287,-0.10462023317813873,-0.6292581558227539,-0.16251453757286072,0.9997419714927673,-0.10448745638132095,-0.6292713284492493,-0.1600906103849411,0.9997001886367798,-0.1374867856502533,-0.6269975900650024,-0.15839582681655884,0.9997371435165405,-0.13539376854896545,-0.627274751663208,-0.15972818434238434,0.9997522830963135,-0.1361285150051117,-0.6261174082756042,-0.15561513602733612,0.9997142553329468,-0.017363151535391808,-0.6398893594741821,-0.08603387326002121,0.9997453689575195,-0.15450194478034973,-0.625281572341919,-0.04843376576900482,0.9997374415397644,-0.07733003795146942,-0.5632367730140686,-0.14548645913600922,0.9999198317527771,-0.1181146427989006,-0.5577822327613831,-0.1332201361656189,0.9999135136604309,0.12738142907619476,-0.4625476002693176,-0.0397665798664093,0.9996569752693176,-0.18466497957706451,-0.43781644105911255,0.010386133566498756,0.9997380971908569,0.16896750032901764,-0.28157907724380493,-0.1515544354915619,0.9598665833473206,-0.21985091269016266,-0.24974216520786285,-0.09602650254964828,0.9418153762817383,0.006057873833924532,-0.3949821889400482,-0.2781071364879608,0.8149726390838623,-0.12966138124465942,-0.36846181750297546,-0.253648042678833,0.8205685615539551,-0.05125012248754501,-0.4242820143699646,-0.32084792852401733,0.7957443594932556,-0.10274375975131989,-0.40138739347457886,-0.29855412244796753,0.7991634011268616,-0.051605917513370514,-0.47149723768234253,-0.2976102828979492,0.8120782375335693,-0.10349529981613159,-0.4491114616394043,-0.2699611783027649,0.813042402267456,-0.010160944424569607,-0.42297089099884033,-0.2747859060764313,0.804680585861206,-0.11702793091535568,-0.3920847177505493,-0.24845686554908752,0.8073623776435852,0.11343779414892197,-0.004511676263064146,-0.014952764846384525,0.4829261004924774,-0.11253520101308823,-0.0007598719676025212,0.015024637803435326,0.47196510434150696,0.12292501330375671,-0.046631377190351486,-0.08678571879863739,0.0319945327937603,-0.15016451478004456,0.03337840363383293,-0.06235178932547569,0.04295014217495918,0.1314745396375656,0.2054661512374878,0.19458551704883575,0.008665097877383232,-0.09548462927341461,0.397871732711792,0.22178839147090912,0.013495135121047497,0.1333950310945511,0.21227969229221344,0.21013446152210236,0.004912464879453182,-0.08083225786685944,0.4200132191181183,0.2527755796909332,0.00774165615439415,0.1506844162940979,0.20278075337409973,0.0053601376712322235,0.009026617743074894,-0.10381627827882767,0.4818461239337921,0.04578857123851776,0.011911490000784397,24,0.8,0.4858754873275757,0.6089078187942505,-1.4237748757750524e-07,,0.47967520356178284,0.554576575756073,0.0026573764625936747,,0.48574939370155334,0.5114140510559082,0.0013045688392594457,,0.5016914010047913,0.49218320846557617,-0.0013243701541796327,,0.5157099366188049,0.4937079846858978,-0.0032371659763157368,,0.5022310018539429,0.47550755739212036,0.001753643504343927,,0.5254296064376831,0.4791269600391388,-0.0003662620729301125,,0.5252586603164673,0.4969358444213867,-0.002042022766545415,,0.5194318890571594,0.5089994668960571,-0.0034029146190732718,,0.5159902572631836,0.4881399869918823,-0.002604941837489605,,0.5374393463134766,0.49425578117370605,-0.0029266655910760164,,0.5341846346855164,0.5122589468955994,-0.0033275086898356676,,0.5253828763961792,0.5238385200500488,-0.00394111592322588,,0.5282214879989624,0.5085647106170654,-0.006745126564055681,,0.545994758605957,0.5142468810081482,-0.006237332243472338,,0.541409432888031,0.5296005010604858,-0.0036367985885590315,,0.5326341390609741,0.5386298298835754,-0.00237622600980103,,0.5374643802642822,0.5336647033691406,-0.01099664717912674,,0.5512897372245789,0.5328000783920288,-0.009040027856826782,,0.5460871458053589,0.5458641052246094,-0.004395659081637859,,0.5379176139831543,0.5539860129356384,-0.0008492143824696541,,0.6243569850921631,0.5607693791389465,-8.06071298597999e-08,,0.639851987361908,0.5115125775337219,-0.0006727234576828778,,0.6398354172706604,0.47013354301452637,-0.0011824049288406968,,0.6280710697174072,0.45174261927604675,-0.0011155622778460383,,0.6158021688461304,0.4621084928512573,-0.0012430421775206923,,0.5950226783752441,0.443562775850296,-0.004583009984344244,,0.5979852676391602,0.45179837942123413,-0.005909818224608898,,0.6052067279815674,0.4682736098766327,-0.00893792137503624,,0.6098741888999939,0.4796091318130493,-0.011545488610863686,,0.5781541466712952,0.465179979801178,-0.0053552002646028996,,0.585766077041626,0.4773184359073639,-0.002202182775363326,,0.5933345556259155,0.49067422747612,-0.0030531438533216715,,0.5984635353088379,0.501479983329773,-0.0057823448441922665,,0.5689972043037415,0.4944264888763428,-0.00545177236199379,,0.5778120756149292,0.5040704607963562,-0.00396684231236577,,0.5846720933914185,0.5129045844078064,-0.004668144509196281,,0.5894906520843506,0.5219063758850098,-0.006756890099495649,,0.5640946626663208,0.5252133011817932,-0.0055387853644788265,,0.5719774961471558,0.5308496356010437,-0.0058885239996016026,,0.5795389413833618,0.5393385291099548,-0.004959707148373127,,0.5834671854972839,0.5469647645950317,-0.004151869099587202,
-0.11448018997907639,-0.5852108597755432,-0.1689433753490448,0.9998572468757629,-0.10506092756986618,-0.6297028660774231,-0.16340118646621704,0.9997454285621643,-0.10561376810073853,-0.629253625869751,-0.16478943824768066,0.9997543096542358,-0.10546999424695969,-0.6292678713798523,-0.16237574815750122,0.9997149705886841,-0.13874970376491547,-0.6268182992935181,-0.16125765442848206,0.9997520446777344,-0.13664662837982178,-0.627107560634613,-0.16256855428218842,0.9997654557228088,-0.13736601173877716,-0.6259506344795227,-0.15846900641918182,0.9997308254241943,-0.020226389169692993,-0.6406188011169434,-0.0861089825630188,0.9997597336769104,-0.1585010588169098,-0.6246938705444336,-0.051293812692165375,0.9997566938400269,-0.07855947315692902,-0.5632668733596802,-0.14761455357074738,0.9999242424964905,-0.11964389681816101,-0.5576522946357727,-0.13615237176418304,0.9999188780784607,0.12390584498643875,-0.464071124792099,-0.03815614804625511,0.9996765851974487,-0.18901552259922028,-0.43615761399269104,0.006918335799127817,0.9997531771659851,0.16625235974788666,-0.2838735580444336,-0.1510782539844513,0.9637417197227478,-0.2215047925710678,-0.24753437936306,-0.09722193330526352,0.9474782943725586,0.004168777726590633,-0.39445459842681885,-0.2791726291179657,0.8333082795143127,-0.13174018263816833,-0.36731454730033875,-0.2552523612976074,0.8383305072784424,-0.05280306935310364,-0.4235163927078247,-0.3213924467563629,0.8143851161003113,-0.10476501286029816,-0.40205997228622437,-0.2996373772621155,0.81755131483078,-0.05432797968387604,-0.47020062804222107,-0.29995813965797424,0.8289576172828674,-0.1061687245965004,-0.45050060749053955,-0.2732158303260803,0.8298636674880981,-0.012481654062867165,-0.42197057604789734,-0.2764401137828827,0.8220896124839783,-0.11926360428333282,-0.39150309562683105,-0.2510100305080414,0.8243238925933838,0.11331469565629959,-0.005256585776805878,-0.014757261611521244,0.5020766258239746,-0.11251962184906006,-0.00012191588757559657,0.014801779761910439,0.4897095263004303,0.1220274567604065,-0.04280582070350647,-0.08161581307649612,0.03065846860408783,-0.14976835250854492,0.043561942875385284,-0.06194840371608734,0.04114161804318428,0.1313679963350296,0.2067001461982727,0.19463196396827698,0.008320416323840618,-0.09570449590682983,0.40242087841033936,0.22147038578987122,0.012624504044651985,0.1333368718624115,0.2132979780435562,0.21024523675441742,0.004751366563141346,-0.08140981197357178,0.42455050349235535,0.2512076795101166,0.007380611263215542,0.15121278166770935,0.20602165162563324,0.00836222618818283,0.008660195395350456,-0.1038539931178093,0.4860820472240448,0.04559614136815071,0.011253543198108673,25,0.834,0.4862514138221741,0.6079774498939514,-1.1277781908347606e-07,,0.47999054193496704,0.5577561855316162,0.003232873510569334,,0.48465850949287415,0.5175628662109375,0.002169966232031584,,0.49902859330177307,0.49815064668655396,-0.00027661846252158284,,0.5117050409317017,0.49848222732543945,-0.0019447475206106901,,0.5008891224861145,0.4797075390815735,0.0025414307601749897,,0.5239894390106201,0.48222896456718445,0.0006726562860421836,,0.5240487456321716,0.5003257989883423,-0.0009507266222499311,,0.5174235105514526,0.5124504566192627,-0.0021835234947502613,,0.514225959777832,0.49215325713157654,-0.0020035463385283947,,0.534912645816803,0.49641406536102295,-0.002057070843875408,,0.5322996973991394,0.5138764381408691,-0.0023982087150216103,,0.523567795753479,0.5253427624702454,-0.0029221870936453342,,0.5261622071266174,0.5116968750953674,-0.0063140238635241985,,0.5430632829666138,0.5152502059936523,-0.0057132430374622345,,0.5389066338539124,0.5313543081283569,-0.0029932435136288404,,0.5300043225288391,0.5410338044166565,-0.0016027644742280245,,0.5352755188941956,0.5362008213996887,-0.010690764524042606,,0.5490037202835083,0.5347791314125061,-0.009015430696308613,,0.5443379878997803,0.5483188629150391,-0.004466464277356863,,0.5362638235092163,0.5570917725563049,-0.0008589421631768346,,0.6237252354621887,0.5644405484199524,-9.661751931844265e-08,,0.6390575170516968,0.5144743919372559,-0.000563952955417335,,0.6394324898719788,0.47363775968551636,-0.0013090387219563127,,0.628120481967926,0.45500048995018005,-0.0014901510439813137,,0.616040825843811,0.4630451202392578,-0.0018157304730266333,,0.5947190523147583,0.44541358947753906,-0.005763625260442495,,0.5969755053520203,0.45563289523124695,-0.0072929225862026215,,0.604216456413269,0.47235846519470215,-0.01019816193729639,,0.6084400415420532,0.48273080587387085,-0.012880602851510048,,0.5774877071380615,0.46707430481910706,-0.006792237516492605,,0.584625244140625,0.4811655282974243,-0.0037994207814335823,,0.5920192003250122,0.49512431025505066,-0.004463042598217726,,0.5968390703201294,0.5052950978279114,-0.007285990286618471,,0.5679715871810913,0.4965483248233795,-0.007088609505444765,,0.5765752196311951,0.5082396864891052,-0.005904298275709152,,0.5835493206977844,0.5184056162834167,-0.006434370297938585,,0.5883765816688538,0.5277202129364014,-0.008583642542362213,,0.5627228617668152,0.5275004506111145,-0.0073618111200630665,,0.5707421898841858,0.5350544452667236,-0.008109371177852154,,0.5785850286483765,0.5445266962051392,-0.0073430235497653484,,0.5825141668319702,0.5525037050247192,-0.006718229968100786,
-0.11455262452363968,-0.5849785804748535,-0.17236961424350739,0.9998611807823181,-0.10532701015472412,-0.6295174360275269,-0.16688354313373566,0.9997538924217224,-0.10588166117668152,-0.6290704011917114,-0.16830940544605255,0.9997605681419373,-0.10571073740720749,-0.6290910243988037,-0.16589957475662231,0.9997232556343079,-0.13900679349899292,-0.6263664960861206,-0.164621040225029,0.9997612833976746,-0.13691642880439758,-0.6266839504241943,-0.16588614881038666,0.9997729063034058,-0.13761866092681885,-0.6255283355712891,-0.16178975999355316,0.9997415542602539,-0.019904498010873795,-0.6407557129859924,-0.08934828639030457,0.9997683763504028,-0.15818344056606293,-0.6239386200904846,-0.054219696670770645,0.9997708201408386,-0.078529953956604,-0.5632742643356323,-0.15096311271190643,0.9999268651008606,-0.11957652866840363,-0.5574193596839905,-0.13940593600273132,0.9999223351478577,0.1240929514169693,-0.46474942564964294,-0.04072932153940201,0.9996919631958008,-0.18935082852840424,-0.43568646907806396,0.004944118205457926,0.9997655749320984,0.16616664826869965,-0.2862822711467743,-0.15149015188217163,0.9671820998191833,-0.22295913100242615,-0.2455614060163498,-0.09810863435268402,0.9525108933448792,0.003783087944611907,-0.3951006531715393,-0.27988746762275696,0.8497477769851685,-0.1329372525215149,-0.36502939462661743,-0.255749374628067,0.8542494773864746,-0.053514037281274796,-0.4240688979625702,-0.32305994629859924,0.83088618516922,-0.10553713142871857,-0.3990597724914551,-0.30000951886177063,0.8338294625282288,-0.056000854820013046,-0.4708724319934845,-0.300324946641922,0.8438706398010254,-0.10735734552145004,-0.4473682940006256,-0.27491578459739685,0.8447162508964539,-0.013409527949988842,-0.42236074805259705,-0.27680733799934387,0.8374003767967224,-0.12058886140584946,-0.3887951076030731,-0.2523043155670166,0.8391775488853455,0.11316955089569092,-0.005753000266849995,-0.014463008381426334,0.5153551697731018,-0.11245983839035034,0.0002296120801474899,0.01454008650034666,0.5022616982460022,0.1219901517033577,-0.0406913198530674,-0.07849163562059402,0.029929326847195625,-0.14834944903850555,0.04798928275704384,-0.062265314161777496,0.040205564349889755,0.13163375854492188,0.20744062960147858,0.19511224329471588,0.008108014240860939,-0.09495265036821365,0.40644362568855286,0.2176983654499054,0.011980879120528698,0.13362187147140503,0.21416893601417542,0.21095234155654907,0.004681882448494434,-0.08101887255907059,0.4278399348258972,0.24615643918514252,0.007158005144447088,0.15322932600975037,0.20635628700256348,0.011033608578145504,0.008436612784862518,-0.1016874685883522,0.4861505627632141,0.042902518063783646,0.010813022032380104,26,0.867,0.4854004979133606,0.6072817444801331,-1.0395230276571965e-07,,0.47870415449142456,0.5581533908843994,0.0033974703401327133,,0.4832599461078644,0.5194098353385925,0.002325905952602625,,0.49705031514167786,0.5003165006637573,-6.083315747673623e-05,,0.5089762806892395,0.4990399181842804,-0.0016328386263921857,,0.49907630681991577,0.48196083307266235,0.0020154642406851053,,0.5218775868415833,0.4846656620502472,0.00044057847117073834,,0.5226423740386963,0.5023598670959473,-0.000581194821279496,,0.516731858253479,0.5143664479255676,-0.0014134234515950084,,0.5123721361160278,0.4944409728050232,-0.0025728887412697077,,0.5334199070930481,0.49852776527404785,-0.0026033176109194756,,0.5314021706581116,0.5159217715263367,-0.002572584431618452,,0.5233266949653625,0.5273998975753784,-0.002820750465616584,,0.5241591930389404,0.5140792727470398,-0.006872216239571571,,0.5418511033058167,0.5178552269935608,-0.00652790442109108,,0.5383878946304321,0.5337393879890442,-0.003877519629895687,,0.5300560593605042,0.5429279804229736,-0.002487116027623415,,0.5331060886383057,0.5390711426734924,-0.011165139265358448,,0.548014760017395,0.538489580154419,-0.009845461696386337,,0.5437036752700806,0.5518338084220886,-0.00563441589474678,,0.535557746887207,0.560164213180542,-0.0022719716653227806,,0.6235844492912292,0.5659458041191101,-9.763027009057623e-08,,0.6380633115768433,0.5156018137931824,-0.0014884890988469124,,0.637842059135437,0.47394609451293945,-0.0028627749998122454,,0.6255588531494141,0.4562157988548279,-0.003514188574627042,,0.6128090023994446,0.4661419093608856,-0.004328541457653046,,0.5929585099220276,0.4479675889015198,-0.007500613573938608,,0.5964459180831909,0.45878320932388306,-0.010028775781393051,,0.6043959259986877,0.47674739360809326,-0.013473793864250183,,0.6090548634529114,0.488111287355423,-0.01633107103407383,,0.5760703682899475,0.47014719247817993,-0.008225866593420506,,0.584584653377533,0.4845062494277954,-0.006225778255611658,,0.5927066802978516,0.49906614422798157,-0.00703109335154295,,0.5980647206306458,0.51010662317276,-0.009764823131263256,,0.5669967532157898,0.4995391070842743,-0.008280230686068535,,0.5767626166343689,0.5115565061569214,-0.00791147816926241,,0.5842914581298828,0.5216955542564392,-0.008576835505664349,,0.5897411704063416,0.5317448377609253,-0.010605494491755962,,0.5622619986534119,0.5300556421279907,-0.008384068496525288,,0.5715049505233765,0.5384989380836487,-0.009888557717204094,,0.5799926519393921,0.5483061075210571,-0.009443769231438637,,0.5845922827720642,0.5568577647209167,-0.008872440084815025,
-0.11715586483478546,-0.5844702124595642,-0.16955140233039856,0.999867856502533,-0.1078028753399849,-0.6291177868843079,-0.16423708200454712,0.9997663497924805,-0.10836568474769592,-0.628667414188385,-0.16567911207675934,0.9997716546058655,-0.10820486396551132,-0.6286940574645996,-0.1632547378540039,0.9997369050979614,-0.141231507062912,-0.6257568001747131,-0.161406472325325,0.9997735023498535,-0.1391526162624359,-0.6260901093482971,-0.16266363859176636,0.999783456325531,-0.13985925912857056,-0.6249355673789978,-0.15855970978736877,0.999754786491394,-0.021176395937800407,-0.6407402753829956,-0.08827754855155945,0.9997816681861877,-0.15848025679588318,-0.6234204173088074,-0.050892893224954605,0.9997859001159668,-0.08058187365531921,-0.5631123185157776,-0.14878498017787933,0.9999308586120605,-0.12131275236606598,-0.5569994449615479,-0.1365455985069275,0.999926745891571,0.12380919605493546,-0.4646647274494171,-0.04159112274646759,0.9997092485427856,-0.18896795809268951,-0.4355018138885498,0.006852104794234037,0.9997785687446594,0.1657288819551468,-0.2851155400276184,-0.15168985724449158,0.9703426361083984,-0.22535715997219086,-0.24542002379894257,-0.09631923586130142,0.9570775628089905,0.003669962752610445,-0.39260369539260864,-0.2798762619495392,0.864622950553894,-0.13338996469974518,-0.3639143705368042,-0.25549811124801636,0.8686310052871704,-0.05359644815325737,-0.42069369554519653,-0.3229605257511139,0.8462225198745728,-0.10629557073116302,-0.39706745743751526,-0.299931138753891,0.8487128615379333,-0.05559095740318298,-0.46719902753829956,-0.30090516805648804,0.8577991724014282,-0.10846468806266785,-0.4448874890804291,-0.27461984753608704,0.858345091342926,-0.01337400358170271,-0.41959348320961,-0.2770380973815918,0.8518020510673523,-0.12096186727285385,-0.3874416947364807,-0.25196903944015503,0.8530130386352539,0.11306863278150558,-0.006108138244599104,-0.01477750763297081,0.531539261341095,-0.11240209639072418,0.0005930541665293276,0.0148489223793149,0.5189599990844727,0.12198490649461746,-0.040778759866952896,-0.08111265301704407,0.028981169685721397,-0.14812731742858887,0.0454527884721756,-0.06250019371509552,0.03897438570857048,0.1329282820224762,0.20749568939208984,0.19311395287513733,0.007861854508519173,-0.09283673763275146,0.4102282226085663,0.21680496633052826,0.011376466602087021,0.1349475085735321,0.2142735719680786,0.20934376120567322,0.0045639206655323505,-0.07907991856336594,0.4317830204963684,0.24522043764591217,0.006960621569305658,0.15346135199069977,0.20627012848854065,0.009278209879994392,0.008146443404257298,-0.10083676129579544,0.48756593465805054,0.04176759347319603,0.010349936783313751,27,0.9,0.48387691378593445,0.6069595813751221,-1.0448516718497558e-07,,0.47772544622421265,0.5579165816307068,0.004125926177948713,,0.4829285144805908,0.5191841721534729,0.003662081668153405,,0.49680665135383606,0.5019595623016357,0.001718768384307623,,0.5090792179107666,0.5033755302429199,0.0005952338105998933,,0.4982193410396576,0.4834875166416168,0.0034662873949855566,,0.5197048783302307,0.48494380712509155,0.0024061319418251514,,0.5199664831161499,0.5019316077232361,0.0017045711865648627,,0.5137585401535034,0.5135051608085632,0.0011112965876236558,,0.5114157199859619,0.49645179510116577,-0.00134491384960711,,0.5311958193778992,0.499819815158844,-0.0008566296310164034,,0.5289998054504395,0.516724705696106,-0.0006338853272609413,,0.5211625099182129,0.5277954339981079,-0.000736048212274909,,0.523065984249115,0.5161463022232056,-0.005864240694791079,,0.5399806499481201,0.519175112247467,-0.005234362557530403,,0.5364330410957336,0.5344014763832092,-0.0026656126137822866,,0.5282552242279053,0.5433279871940613,-0.0012780657270923257,,0.531817615032196,0.5411067605018616,-0.010327083989977837,,0.5465757250785828,0.5395084023475647,-0.008757158182561398,,0.5422447323799133,0.5524778962135315,-0.0045220390893518925,,0.5342323184013367,0.5607689023017883,-0.001138044404797256,,0.6233029365539551,0.567271888256073,-9.413948731662458e-08,,0.6377261281013489,0.5164405703544617,-0.0012204779777675867,,0.6362332105636597,0.47421836853027344,-0.0020399675704538822,,0.622620701789856,0.4574849009513855,-0.001982992049306631,,0.6102391481399536,0.4694184362888336,-0.002175714587792754,,0.5927566289901733,0.4500782787799835,-0.007150182034820318,,0.5959635972976685,0.46118518710136414,-0.008854914456605911,,0.6034114956855774,0.4779183268547058,-0.011934468522667885,,0.6077580451965332,0.48832786083221436,-0.014664747752249241,,0.5754629373550415,0.47252708673477173,-0.007599024102091789,,0.583800196647644,0.4864887595176697,-0.0045672208070755005,,0.591410756111145,0.5004477500915527,-0.005065778270363808,,0.5963850617408752,0.5112632513046265,-0.007746402639895678,,0.5662375092506409,0.5021092295646667,-0.007253090385347605,,0.5754662752151489,0.5126035213470459,-0.005826225038617849,,0.5826031565666199,0.5228203535079956,-0.006203587166965008,,0.5878286957740784,0.5330239534378052,-0.008245021104812622,,0.5614320039749146,0.5327967405319214,-0.006922232918441296,,0.5698414444923401,0.5395956039428711,-0.00734156696125865,,0.5779068470001221,0.5489805340766907,-0.0062926653772592545,,0.5822969079017639,0.5577538013458252,-0.0054690041579306126,
-0.11846952140331268,-0.5835255980491638,-0.17161469161510468,0.9998741745948792,-0.10937958210706711,-0.6283308267593384,-0.16628314554691315,0.999777615070343,-0.10994766652584076,-0.6278753280639648,-0.16773506999015808,0.999781608581543,-0.10977748036384583,-0.6279083490371704,-0.16531449556350708,0.9997492432594299,-0.14289702475070953,-0.6246722340583801,-0.163498654961586,0.9997848868370056,-0.14082485437393188,-0.6250278949737549,-0.1647416055202484,0.999793529510498,-0.14152459800243378,-0.6238753199577332,-0.1606389731168747,0.9997674226760864,-0.022084221243858337,-0.6407128572463989,-0.08993993699550629,0.9997933506965637,-0.1595640629529953,-0.6223176121711731,-0.05272459611296654,0.9997999668121338,-0.08148805797100067,-0.562633216381073,-0.15068228542804718,0.9999346733093262,-0.1222975105047226,-0.5561099648475647,-0.1385183185338974,0.9999310374259949,0.12369640171527863,-0.4644201099872589,-0.04276286065578461,0.999724805355072,-0.1891857087612152,-0.4346754848957062,0.005349715705960989,0.9997909069061279,0.16520266234874725,-0.28397655487060547,-0.15230479836463928,0.973178505897522,-0.22939252853393555,-0.24476118385791779,-0.09733833372592926,0.9612023234367371,0.00452872458845377,-0.3897450566291809,-0.2813045084476471,0.8779966831207275,-0.1347029060125351,-0.36293157935142517,-0.2584093511104584,0.8815756440162659,-0.052479300647974014,-0.4171370267868042,-0.3247436583042145,0.859948456287384,-0.10688911378383636,-0.3956606984138489,-0.30361810326576233,0.8621082305908203,-0.054235320538282394,-0.4632045328617096,-0.3022473454475403,0.8702576160430908,-0.10926137864589691,-0.4432777762413025,-0.2765553891658783,0.8706002235412598,-0.012438333593308926,-0.4164038300514221,-0.2783297300338745,0.8646621704101562,-0.12169365584850311,-0.3862631618976593,-0.25429174304008484,0.8654125332832336,0.11300071328878403,-0.006401644088327885,-0.014808842912316322,0.5425446033477783,-0.11236441135406494,0.0008603240712545812,0.014886362478137016,0.530034601688385,0.12091570347547531,-0.04105527698993683,-0.08207085728645325,0.028369633480906487,-0.1484968066215515,0.04508082568645477,-0.06320156902074814,0.03817550465464592,0.1321292519569397,0.20755192637443542,0.19280163943767548,0.007694108411669731,-0.0928402841091156,0.40998148918151855,0.21648722887039185,0.0108654098585248,0.13399216532707214,0.21438588201999664,0.20922346413135529,0.00449773482978344,-0.07910924404859543,0.43147334456443787,0.24493516981601715,0.006799741648137569,0.15263527631759644,0.20580868422985077,0.008637606166303158,0.007937440648674965,-0.100832000374794,0.4864840805530548,0.041302915662527084,0.009966324083507061,28,0.934,0.4829581379890442,0.6076962947845459,-9.545947676770083e-08,,0.4769958555698395,0.5594961047172546,0.003773184958845377,,0.4823790490627289,0.52107173204422,0.002989687491208315,,0.4964146316051483,0.5048481225967407,0.000735027133487165,,0.5086359977722168,0.507225513458252,-0.0006390773341991007,,0.4968103766441345,0.4843066930770874,0.003299020230770111,,0.5190090537071228,0.48589637875556946,0.0018184460932388902,,0.5197780728340149,0.5029873251914978,0.000756337190978229,,0.5139107704162598,0.5147973895072937,-7.824759813956916e-05,,0.5099678635597229,0.4969593584537506,-0.001558221410959959,,0.5303264856338501,0.5011535882949829,-0.0014730909606441855,,0.5283541679382324,0.5184648036956787,-0.0014359346823766828,,0.5205942392349243,0.5292019844055176,-0.001647283905185759,,0.5217618346214294,0.5164076089859009,-0.006223728414624929,,0.5390506386756897,0.5205242037773132,-0.0057856193743646145,,0.5355054140090942,0.5361336469650269,-0.0031811764929443598,,0.5273915529251099,0.5445672273635864,-0.0017862545792013407,,0.5308758616447449,0.541179358959198,-0.010907135903835297,,0.545704185962677,0.5405074954032898,-0.00933515653014183,,0.5412845611572266,0.5537174940109253,-0.005064723547548056,,0.5332841277122498,0.5616825819015503,-0.0017143244622275233,,0.6231862306594849,0.5700624585151672,-1.0149292961614265e-07,,0.6375636458396912,0.5189489126205444,-0.0022034109570086002,,0.6360610723495483,0.47560152411460876,-0.0035881390795111656,,0.6215764880180359,0.4595559537410736,-0.0038350254762917757,,0.6088352799415588,0.47359010577201843,-0.004340504761785269,,0.5928720235824585,0.4518408179283142,-0.008723439648747444,,0.597061812877655,0.4628446102142334,-0.011286333203315735,,0.6045505404472351,0.48020505905151367,-0.015103054232895374,,0.6087251901626587,0.4909312129020691,-0.018382875248789787,,0.5751574635505676,0.4741966426372528,-0.008853044360876083,,0.5848290324211121,0.48928430676460266,-0.0065868087112903595,,0.5925919413566589,0.5039278268814087,-0.007526950445026159,,0.5974941253662109,0.5152172446250916,-0.010532674379646778,,0.5657244324684143,0.5036764144897461,-0.008246690034866333,,0.5762901306152344,0.515591025352478,-0.007483094464987516,,0.5838103294372559,0.5260969400405884,-0.008240874856710434,,0.5892993211746216,0.5367627739906311,-0.010534915141761303,,0.5609179735183716,0.5343212485313416,-0.007735542021691799,,0.5708344578742981,0.5428415536880493,-0.00902689527720213,,0.5794705152511597,0.5529473423957825,-0.008583428338170052,,0.5841938257217407,0.5625596642494202,-0.008126461878418922,
-0.11730556190013885,-0.5821068286895752,-0.17190270125865936,0.9998801946640015,-0.10789331793785095,-0.6269757151603699,-0.16658584773540497,0.9997884035110474,-0.1084623858332634,-0.62651127576828,-0.16802242398262024,0.9997913241386414,-0.10828959941864014,-0.6265392303466797,-0.16562120616436005,0.9997608065605164,-0.14149729907512665,-0.6231152415275574,-0.16379858553409576,0.9997957944869995,-0.13942445814609528,-0.6234845519065857,-0.1650373786687851,0.9998033046722412,-0.14012598991394043,-0.6223264932632446,-0.16092023253440857,0.9997793436050415,-0.020708147436380386,-0.640192985534668,-0.09025213122367859,0.9998044967651367,-0.15853644907474518,-0.620707094669342,-0.0533851720392704,0.9998131394386292,-0.08053159713745117,-0.5616180300712585,-0.151023268699646,0.9999384880065918,-0.12142062187194824,-0.5547744631767273,-0.13899515569210052,0.9999352097511292,0.12424404919147491,-0.46418073773384094,-0.04363912343978882,0.9997398257255554,-0.18883070349693298,-0.4340049624443054,0.003454299410805106,0.9998028874397278,0.16571001708507538,-0.2835792303085327,-0.15249767899513245,0.9757184982299805,-0.22915782034397125,-0.24426665902137756,-0.10288068652153015,0.9649345874786377,0.006239214446395636,-0.38816553354263306,-0.2827114760875702,0.8900306820869446,-0.1334814578294754,-0.3633677363395691,-0.2669401466846466,0.893255352973938,-0.050279296934604645,-0.4150054454803467,-0.3260326385498047,0.8722715377807617,-0.10430777072906494,-0.3968448042869568,-0.3124583959579468,0.8743898272514343,-0.052107084542512894,-0.4607233703136444,-0.3032953143119812,0.8814376592636108,-0.1060117855668068,-0.4445836842060089,-0.2839556038379669,0.8818803429603577,-0.010702132247388363,-0.41458752751350403,-0.2796113193035126,0.8762103319168091,-0.12037599831819534,-0.3868483006954193,-0.2621804475784302,0.8768249154090881,0.11299671232700348,-0.0065322923474013805,-0.014680987223982811,0.5512498617172241,-0.11237136274576187,0.0009996051667258143,0.014770298264920712,0.5387662649154663,0.1206791028380394,-0.04604561999440193,-0.0848836675286293,0.02772221900522709,-0.15000827610492706,0.033599868416786194,-0.0662197396159172,0.03738173842430115,0.13191121816635132,0.2057705670595169,0.19282951951026917,0.007552213501185179,-0.09284993261098862,0.40915489196777344,0.21600660681724548,0.010386087000370026,0.13371995091438293,0.21270112693309784,0.2093500941991806,0.004471593536436558,-0.0791277214884758,0.4304081201553345,0.24473360180854797,0.006648104637861252,0.1523681879043579,0.1995881348848343,0.007385774049907923,0.007741569075733423,-0.09979434311389923,0.4838356375694275,0.03938894718885422,0.009585818275809288,29,0.967,0.48196864128112793,0.6094619035720825,-9.372654119488288e-08,,0.4768156409263611,0.559737503528595,0.004778584465384483,,0.48360633850097656,0.5211278796195984,0.004438714124262333,,0.4983077347278595,0.5064060688018799,0.002436309587210417,,0.5104946494102478,0.5102938413619995,0.0012081058230251074,,0.49656930565834045,0.4854649305343628,0.004130142740905285,,0.5194323062896729,0.4861701428890228,0.002988781314343214,,0.5204517245292664,0.5032761693000793,0.002117290161550045,,0.5145717263221741,0.5150979161262512,0.0014147310284897685,,0.5094267725944519,0.49875664710998535,-0.001070513273589313,,0.5303236842155457,0.5026043057441711,-0.0002897019439842552,,0.5284889936447144,0.5198308825492859,5.852041067555547e-05,,0.5207822322845459,0.530063271522522,-9.90172557067126e-05,,0.5210440754890442,0.5188205242156982,-0.005975867155939341,,0.5388749837875366,0.5221148133277893,-0.0047859312035143375,,0.5353911519050598,0.5376825928688049,-0.0018974423874169588,,0.5272488594055176,0.5458648800849915,-0.0004845724906772375,,0.5300042629241943,0.5440623760223389,-0.010835756547749043,,0.5450615882873535,0.5421216487884521,-0.008500798605382442,,0.5405269265174866,0.5553068518638611,-0.003766234265640378,,0.5324167609214783,0.563313901424408,-0.00022624520352110267,,0.6222472190856934,0.5730593204498291,-1.03477006518915e-07,,0.6372237205505371,0.5223701596260071,-0.0010408175876364112,,0.6363527774810791,0.48040416836738586,-0.001945731695741415,,0.6238236427307129,0.46168747544288635,-0.0020128744654357433,,0.6113418340682983,0.47173455357551575,-0.0022903948556631804,,0.5924236178398132,0.45272308588027954,-0.007070131134241819,,0.5970827341079712,0.46314486861228943,-0.009114809334278107,,0.604143500328064,0.48017221689224243,-0.012679102830588818,,0.6077344417572021,0.49130308628082275,-0.01583833247423172,,0.5750390291213989,0.47541743516921997,-0.0077156927436590195,,0.584092378616333,0.4889204502105713,-0.005014828406274319,,0.5916590094566345,0.5031849145889282,-0.0058942134492099285,,0.5962948203086853,0.5146237015724182,-0.008982742205262184,,0.5655990242958069,0.5053889155387878,-0.007599341217428446,,0.5758765339851379,0.5160002112388611,-0.006432010792195797,,0.5829905271530151,0.5256010293960571,-0.007191933691501617,,0.5879592895507812,0.5357247591018677,-0.00961363036185503,,0.5605242252349854,0.536818265914917,-0.007491725496947765,,0.5700799822807312,0.5426231026649475,-0.00824284739792347,,0.5783414244651794,0.5513594150543213,-0.007680557202547789,,0.5826455354690552,0.5600711107254028,-0.007302275393158197,
-0.11663736402988434,-0.580390214920044,-0.17230047285556793,0.999885618686676,-0.1069282814860344,-0.6253826022148132,-0.16705875098705292,0.9997984766960144,-0.10749419778585434,-0.6249043345451355,-0.16847698390483856,0.999800443649292,-0.10732106119394302,-0.6249254941940308,-0.16610273718833923,0.999771773815155,-0.14059944450855255,-0.621525764465332,-0.16420820355415344,0.9998058080673218,-0.13852150738239288,-0.6219010949134827,-0.1654452681541443,0.9998122453689575,-0.13922522962093353,-0.6207367181777954,-0.1613481044769287,0.9997902512550354,-0.019735226407647133,-0.6393754482269287,-0.0906219631433487,0.999814510345459,-0.1577903926372528,-0.6196553707122803,-0.053856465965509415,0.9998248219490051,-0.08001331239938736,-0.5601921081542969,-0.15132109820842743,0.9999420046806335,-0.12096312642097473,-0.553312361240387,-0.13923825323581696,0.9999390244483948,0.12459494918584824,-0.4625159800052643,-0.044311780482530594,0.9997533559799194,-0.18865668773651123,-0.43336090445518494,0.002407304709777236,0.999813973903656,0.16429664194583893,-0.2766893804073334,-0.15221431851387024,0.9779963493347168,-0.22891314327716827,-0.24033784866333008,-0.10433068871498108,0.9682881236076355,0.0066796597093343735,-0.387410044670105,-0.2830294370651245,0.9008751511573792,-0.1337476521730423,-0.3628271222114563,-0.2727348208427429,0.9037796854972839,-0.05013757944107056,-0.4139769375324249,-0.3263477087020874,0.8835090398788452,-0.10469283163547516,-0.3961907923221588,-0.3187565505504608,0.8855672478675842,-0.050905440002679825,-0.4590626657009125,-0.3034950792789459,0.8916633725166321,-0.10589234530925751,-0.4434577226638794,-0.2901633381843567,0.8921831250190735,-0.009961389936506748,-0.41399049758911133,-0.27981019020080566,0.8867969512939453,-0.1205982193350792,-0.38652071356773376,-0.26800647377967834,0.8873006105422974,0.11302951723337173,-0.006613708101212978,-0.014436904340982437,0.5576397776603699,-0.11238723993301392,0.001120592700317502,0.014540470205247402,0.5456758737564087,0.12067662924528122,-0.05361136049032211,-0.0891004279255867,0.02691689133644104,-0.15169315040111542,0.012707063928246498,-0.06989668309688568,0.03639930114150047,0.1317967176437378,0.20226185023784637,0.19432903826236725,0.0073869614861905575,-0.09265875816345215,0.4050082266330719,0.21590174734592438,0.009915921837091446,0.13355809450149536,0.2092079371213913,0.21163523197174072,0.004450867418199778,-0.07870008796453476,0.4257740378379822,0.24494923651218414,0.006486902013421059,0.1520330011844635,0.1897600144147873,0.007138267625123262,0.007516302168369293,-0.09615110605955124,0.4740680456161499,0.038449786603450775,0.00918554700911045,30,1.001,0.4800853431224823,0.6134713292121887,-9.839239822895252e-08,,0.4769262373447418,0.5633217096328735,0.005090019199997187,,0.4846194386482239,0.5243988037109375,0.004683840088546276,,0.5001296401023865,0.5095412731170654,0.0025276606902480125,,0.5126072764396667,0.5161852240562439,0.0011372133158147335,,0.4961168169975281,0.487947940826416,0.004658467601984739,,0.5204607248306274,0.4905203580856323,0.0033871617633849382,,0.5211803317070007,0.5080099701881409,0.0022169456351548433,,0.5145229697227478,0.5200657844543457,0.0012682258384302258,,0.5086930394172668,0.5012847185134888,-0.0007883704383857548,,0.5308792591094971,0.5060427784919739,-0.0003985980583820492,,0.5289872884750366,0.5235307216644287,-0.0005699110915884376,,0.520500898361206,0.5343872308731079,-0.0009577378514222801,,0.5201930403709412,0.5216331481933594,-0.005898016504943371,,0.5393425226211548,0.5251752734184265,-0.004693499766290188,,0.5361135005950928,0.5409504771232605,-0.0019854330457746983,,0.5276654958724976,0.5493987798690796,-0.0006275954656302929,,0.5291423797607422,0.546958327293396,-0.010950366035103798,,0.5446205139160156,0.5460418462753296,-0.00821468885987997,,0.5403291583061218,0.5592771768569946,-0.003408194752410054,,0.5323068499565125,0.5670632719993591,0.00013817469880450517,,0.621616005897522,0.577412486076355,-1.0311488551906223e-07,,0.6367673873901367,0.5290877223014832,-0.0015959333395585418,,0.6363767385482788,0.48550593852996826,-0.0028475632425397635,,0.6239485740661621,0.4653302729129791,-0.003159420331940055,,0.6113907098770142,0.4747876822948456,-0.0036517358385026455,,0.5928356647491455,0.4567095637321472,-0.007104512769728899,,0.5976584553718567,0.4663092792034149,-0.009742761962115765,,0.6046886444091797,0.4839437007904053,-0.014079451560974121,,0.6085159182548523,0.49599650502204895,-0.017740191891789436,,0.5756834149360657,0.47911155223846436,-0.007740730885416269,,0.5840376019477844,0.49159833788871765,-0.005686250980943441,,0.5917722582817078,0.5064419507980347,-0.0069588553160429,,0.5964279770851135,0.5185573697090149,-0.010132982395589352,,0.5660504102706909,0.5089693665504456,-0.007693060208112001,,0.5751836895942688,0.5180919170379639,-0.007007034961134195,,0.5824268460273743,0.5287836194038391,-0.0075203184969723225,,0.5875265002250671,0.5400673747062683,-0.009585699997842312,,0.5607308745384216,0.5399461388587952,-0.0076927742920815945,,0.569657564163208,0.5454846024513245,-0.00859973207116127,,0.5782069563865662,0.5554340481758118,-0.007530114613473415,,0.5829389691352844,0.5652521848678589,-0.006669690366834402,
-0.11583030968904495,-0.5778526663780212,-0.1732507348060608,0.9998881816864014,-0.10652212053537369,-0.6230484843254089,-0.16816584765911102,0.9998046159744263,-0.10710829496383667,-0.6225573420524597,-0.16961094737052917,0.9998058080673218,-0.10692915320396423,-0.6225795745849609,-0.16721810400485992,0.9997788667678833,-0.13985347747802734,-0.6190744638442993,-0.16518011689186096,0.9998109340667725,-0.13780318200588226,-0.6194524765014648,-0.166395902633667,0.999815821647644,-0.13850635290145874,-0.618277907371521,-0.16228224337100983,0.9997953772544861,-0.017846938222646713,-0.6382848024368286,-0.0909106656908989,0.9998225569725037,-0.15411320328712463,-0.6179798245429993,-0.05463476479053497,0.999832034111023,-0.07815948873758316,-0.558184027671814,-0.15244680643081665,0.9999447464942932,-0.11866810917854309,-0.5511792898178101,-0.14010141789913177,0.9999415874481201,0.12865646183490753,-0.4613665044307709,-0.04473799094557762,0.9997668862342834,-0.1815185695886612,-0.4326329827308655,0.0019341475563123822,0.9998230934143066,0.1638958603143692,-0.27145540714263916,-0.15119729936122894,0.9800369143486023,-0.22060447931289673,-0.23750099539756775,-0.10077260434627533,0.9712629318237305,0.005045940633863211,-0.3835895359516144,-0.28083544969558716,0.9106262922286987,-0.1326058804988861,-0.36239054799079895,-0.26786255836486816,0.913241446018219,-0.05293833836913109,-0.40965744853019714,-0.322397917509079,0.8935452699661255,-0.10465091466903687,-0.3958328068256378,-0.3123958110809326,0.8955976963043213,-0.05217892676591873,-0.45549827814102173,-0.3002941608428955,0.9007676839828491,-0.1059572771191597,-0.4432784914970398,-0.2836666703224182,0.9014059901237488,-0.011480273678898811,-0.41053614020347595,-0.2774059772491455,0.8962143659591675,-0.11984796822071075,-0.3860883414745331,-0.263097882270813,0.8966420888900757,0.11306247115135193,-0.006564589217305183,-0.01455155573785305,0.5651462078094482,-0.1123848631978035,0.0011176362168043852,0.014671564102172852,0.5521319508552551,0.12048444896936417,-0.05821917578577995,-0.09619281440973282,0.026368021965026855,-0.15231183171272278,-0.00996076874434948,-0.07138286530971527,0.03574691340327263,0.13075846433639526,0.2017372101545334,0.1945352852344513,0.007327904924750328,-0.09086468070745468,0.4006234109401703,0.21647173166275024,0.009559676051139832,0.1324688047170639,0.20889060199260712,0.21212062239646912,0.0044657327234745026,-0.07643122225999832,0.4212178885936737,0.24669437110424042,0.006388348061591387,0.14848895370960236,0.18489500880241394,0.004722822457551956,0.007363117299973965,-0.09207791090011597,0.4622143507003784,0.03852394223213196,0.00886794924736023,31,1.034,0.4777200222015381,0.6204918622970581,-1.052000797585606e-07,,0.4767526388168335,0.5695653557777405,0.005044848192483187,,0.48753800988197327,0.5310980677604675,0.004273856058716774,,0.5050320625305176,0.520149290561676,0.0015175628941506147,,0.5176832675933838,0.5287484526634216,-0.0005390045698732138,,0.49647238850593567,0.49503591656684875,0.005716214422136545,,0.5221865773200989,0.4971282184123993,0.00252775801345706,,0.5218594074249268,0.5153032541275024,-0.0007473639561794698,,0.5140549540519714,0.5269741415977478,-0.0029180431738495827,,0.5083348155021667,0.5090531706809998,-0.0002835321647580713,,0.531827449798584,0.5120967030525208,-0.0013597970828413963,,0.5297117829322815,0.5301709175109863,-0.0027734246104955673,,0.5208004117012024,0.5409560203552246,-0.0037400522269308567,,0.5194475054740906,0.5295090675354004,-0.006173952482640743,,0.5399211645126343,0.5309019088745117,-0.0061053382232785225,,0.5363839268684387,0.5481209754943848,-0.003482311964035034,,0.5275998711585999,0.5567806959152222,-0.0018255251925438643,,0.5282933712005615,0.5551990866661072,-0.012076187878847122,,0.5452842116355896,0.5517255067825317,-0.009884261526167393,,0.5407992005348206,0.5666700005531311,-0.004717042203992605,,0.5325228571891785,0.5750556588172913,-0.000754992535803467,,0.6236467361450195,0.5879245400428772,-6.18007476305138e-08,,0.6324074268341064,0.537941038608551,-0.0068128230050206184,,0.6269454956054688,0.49352434277534485,-0.01217193715274334,,0.6102932095527649,0.4825478792190552,-0.01614251546561718,,0.5950711965560913,0.4957767426967621,-0.02015744149684906,,0.5932312607765198,0.46840524673461914,-0.01140076108276844,,0.593358039855957,0.47567346692085266,-0.019992224872112274,,0.6011512279510498,0.4964500963687897,-0.027447670698165894,,0.6082643270492554,0.5106263160705566,-0.032031718641519547,,0.5772717595100403,0.49141377210617065,-0.011283661238849163,,0.5809425711631775,0.5030171871185303,-0.01530974730849266,,0.5897066593170166,0.519956111907959,-0.017799369990825653,,0.5982085466384888,0.5321221947669983,-0.020055482164025307,,0.5679948329925537,0.5228868126869202,-0.011522101238369942,,0.5728933811187744,0.5317642092704773,-0.016295386478304863,,0.5820083618164062,0.5435171127319336,-0.01591997966170311,,0.5902323126792908,0.5524953007698059,-0.015742016956210136,,0.5634685158729553,0.5546360611915588,-0.0122235007584095,,0.5679842829704285,0.5601745247840881,-0.016745904460549355,,0.5773866772651672,0.5708467960357666,-0.014832822605967522,,0.5837633609771729,0.577943742275238,-0.01231164950877428,
-0.11557985097169876,-0.5751818418502808,-0.17389072477817535,0.9998915195465088,-0.10631415247917175,-0.6205761432647705,-0.16853582859039307,0.999811589717865,-0.10691868513822556,-0.620077908039093,-0.1700081080198288,0.9998121857643127,-0.1067366674542427,-0.6200917363166809,-0.16759663820266724,0.9997870326042175,-0.13947588205337524,-0.6166064143180847,-0.16584552824497223,0.9998171925544739,-0.13744907081127167,-0.6169863939285278,-0.16706424951553345,0.9998209476470947,-0.13815368711948395,-0.6158040165901184,-0.16296283900737762,0.9998021125793457,-0.0143985440954566,-0.6371901631355286,-0.09493361413478851,0.999830424785614,-0.1498483121395111,-0.6168021559715271,-0.05529167503118515,0.9998390078544617,-0.07647007703781128,-0.5561105608940125,-0.15277478098869324,0.999947190284729,-0.11678361892700195,-0.5491343140602112,-0.14088138937950134,0.9999437928199768,0.1339581310749054,-0.45980456471443176,-0.047630202025175095,0.999779224395752,-0.17451463639736176,-0.4317850172519684,0.003337432164698839,0.9998312592506409,0.16392850875854492,-0.2575860917568207,-0.15117184817790985,0.9818759560585022,-0.2139068841934204,-0.22894781827926636,-0.09266912937164307,0.9738710522651672,0.0006033511599525809,-0.3577057123184204,-0.27947402000427246,0.9194073677062988,-0.13272780179977417,-0.3552576005458832,-0.2634004056453705,0.9217246174812317,-0.05911245197057724,-0.3802616000175476,-0.31983283162117004,0.9026409387588501,-0.10680568963289261,-0.39005714654922485,-0.3074629008769989,0.9044552445411682,-0.05776173993945122,-0.4274706542491913,-0.2984541356563568,0.9090362191200256,-0.10909134149551392,-0.43809476494789124,-0.27904942631721497,0.9095575213432312,-0.016008945181965828,-0.3848147392272949,-0.27593597769737244,0.9047566056251526,-0.12040683627128601,-0.379795640707016,-0.2589446008205414,0.904878556728363,0.11306417733430862,-0.006558969616889954,-0.014934694394469261,0.5712509751319885,-0.11237039417028427,0.0011320903431624174,0.015070819295942783,0.5574500560760498,0.11893163621425629,-0.059659168124198914,-0.09897510707378387,0.025520365685224533,-0.1543499082326889,-0.014841136522591114,-0.07120459526777267,0.034672219306230545,0.12857723236083984,0.20134979486465454,0.19476987421512604,0.0072404262609779835,-0.0908694937825203,0.3972439765930176,0.21908393502235413,0.00916468258947134,0.1301005631685257,0.2085522562265396,0.2125522941350937,0.0044768997468054295,-0.0764080062508583,0.4175836741924286,0.2505979835987091,0.006265792530030012,0.1415695697069168,0.1824459433555603,0.002009060001000762,0.0072149187326431274,-0.09195424616336823,0.45718294382095337,0.04035361111164093,0.00854173582047224,32,1.067,0.4741709530353546,0.6345111131668091,-1.1199752947277375e-07,,0.4748998284339905,0.5845191478729248,0.004105547443032265,,0.48912009596824646,0.5441668033599854,0.0031226465944200754,,0.5077465772628784,0.5338842868804932,0.0002918572281487286,,0.5204500555992126,0.5426849722862244,-0.0016501358477398753,,0.4959660470485687,0.509861946105957,0.005007829051464796,,0.5232937932014465,0.5075669884681702,-7.187837036326528e-05,,0.5222895741462708,0.5259220004081726,-0.004524569027125835,,0.5142680406570435,0.537162184715271,-0.007233759853988886,,0.507437527179718,0.5263317227363586,-0.0010347715578973293,,0.5320367813110352,0.5230616927146912,-0.003915566485375166,,0.5296099185943604,0.5405111908912659,-0.005774821620434523,,0.5210790038108826,0.5504391193389893,-0.006724761798977852,,0.5184741020202637,0.5476323366165161,-0.007266435772180557,,0.5397323369979858,0.5439820885658264,-0.008369483053684235,,0.5361900925636292,0.560457706451416,-0.005518266931176186,,0.5277233719825745,0.5684418678283691,-0.0035117000807076693,,0.5272684097290039,0.5732321739196777,-0.013666060753166676,,0.5440955758094788,0.5677148699760437,-0.012078747153282166,,0.5397891402244568,0.5825085639953613,-0.0069929384626448154,,0.5324825644493103,0.5905687808990479,-0.0030669402331113815,,0.6181429028511047,0.6085245013237,-2.2900024987393408e-08,,0.6263234615325928,0.5570294260978699,-0.000750602746848017,,0.6192442178726196,0.5150613188743591,-0.0009574033319950104,,0.6062828898429871,0.5005422830581665,-0.0012152234558016062,,0.5945180058479309,0.5052124261856079,-0.001978652784600854,,0.5840833783149719,0.49636390805244446,0.0028579258359968662,,0.5869037508964539,0.5031561255455017,0.0003847992920782417,,0.5946881771087646,0.5182229280471802,-0.004533527884632349,,0.6007609963417053,0.5281386375427246,-0.008183886297047138,,0.570648193359375,0.5220122933387756,0.0014639683067798615,,0.5741651654243469,0.5284543037414551,0.002530136378481984,,0.5827033519744873,0.5412936806678772,-0.00022297071700450033,,0.5902538299560547,0.5521551370620728,-0.003210062626749277,,0.5634151697158813,0.5549174547195435,-3.576569361030124e-05,,0.5660040974617004,0.5566262006759644,-0.0015320265665650368,,0.5749982595443726,0.5652624368667603,-0.002235318999737501,,0.5825542211532593,0.5731390118598938,-0.0030448317993432283,,0.561330258846283,0.587494969367981,-0.001420305692590773,,0.5620614886283875,0.586399257183075,-0.003628367092460394,,0.5706512928009033,0.5937180519104004,-0.0016123352106660604,,0.5769827961921692,0.5995837450027466,0.0007028053514659405,
-0.11496426165103912,-0.5721099376678467,-0.18455849587917328,0.9998882412910461,-0.10558842867612839,-0.6180042624473572,-0.182530015707016,0.9998083114624023,-0.10619140416383743,-0.6175104975700378,-0.1842314451932907,0.9998080730438232,-0.10600965470075607,-0.6175275444984436,-0.1817881166934967,0.9997846484184265,-0.13882581889629364,-0.6141317486763,-0.17631779611110687,0.9998131990432739,-0.13679489493370056,-0.6145592331886292,-0.1773395538330078,0.9998158812522888,-0.13750028610229492,-0.6133851408958435,-0.1731831431388855,0.9997988343238831,-0.009593161754310131,-0.6366825699806213,-0.11532336473464966,0.9998292922973633,-0.14529378712177277,-0.6164817810058594,-0.06149347871541977,0.9998357892036438,-0.0750587210059166,-0.5541234612464905,-0.1658564954996109,0.9999462366104126,-0.11529199033975601,-0.5472047924995422,-0.14939671754837036,0.9999417066574097,0.14354738593101501,-0.45915156602859497,-0.06720761209726334,0.9997847080230713,-0.16789394617080688,-0.4315049350261688,0.0029150890186429024,0.9998329877853394,0.16596519947052002,-0.24406015872955322,-0.15807560086250305,0.9834588170051575,-0.20958232879638672,-0.2178218513727188,-0.0848696157336235,0.9757771492004395,-0.0012376878876239061,-0.31387025117874146,-0.28798964619636536,0.9272209405899048,-0.15576696395874023,-0.3216671347618103,-0.2646102011203766,0.9291201829910278,-0.06221824884414673,-0.32587409019470215,-0.3263820707798004,0.9105623960494995,-0.14203469455242157,-0.349135160446167,-0.3086647093296051,0.9116002917289734,-0.06423420459032059,-0.3725091516971588,-0.3098319172859192,0.9162663817405701,-0.1467483788728714,-0.39500299096107483,-0.28433898091316223,0.9161624312400818,-0.019354308024048805,-0.33817851543426514,-0.28568214178085327,0.9120916128158569,-0.14625966548919678,-0.34340932965278625,-0.26191049814224243,0.9113551378250122,0.11306177079677582,-0.006577006541192532,-0.015068580396473408,0.5683298707008362,-0.11234574019908905,0.001137443003244698,0.015281558968126774,0.5533638000488281,0.11622589826583862,-0.05596353858709335,-0.09847206622362137,0.02578204683959484,-0.15432900190353394,-0.010384485125541687,-0.06935179978609085,0.03499229997396469,0.12299780547618866,0.20713302493095398,0.1955186277627945,0.007508877664804459,-0.09177917242050171,0.3972735106945038,0.21830743551254272,0.009175339713692665,0.123841293156147,0.2155063897371292,0.21355792880058289,0.0047083692625164986,-0.0772572010755539,0.41725265979766846,0.2499060183763504,0.006341451313346624,0.1366513967514038,0.18286998569965363,0.000661748752463609,0.007486906833946705,-0.09197667986154556,0.45492345094680786,0.04017376899719238,0.008655843324959278,33,1.101,0.46945351362228394,0.6542345285415649,-1.3200215676079097e-07,,0.473225861787796,0.6103517413139343,0.005352740176022053,,0.4902128279209137,0.5704503655433655,0.0038847713731229305,,0.5084291100502014,0.5576460361480713,0.00013552160817198455,,0.5212757587432861,0.5608853697776794,-0.002789219841361046,,0.49862298369407654,0.5406018495559692,0.002155250869691372,,0.5277737975120544,0.5307216048240662,-0.00475977873429656,,0.5258039236068726,0.5455486178398132,-0.009115518070757389,,0.5177741646766663,0.5574459433555603,-0.011117223650217056,,0.5053942799568176,0.5541917681694031,-0.0047901710495352745,,0.5334545969963074,0.5395511984825134,-0.009097759611904621,,0.5304927229881287,0.5547668933868408,-0.009712372906506062,,0.5223432779312134,0.5674706101417542,-0.009772753342986107,,0.5130186676979065,0.5738207101821899,-0.011865155771374702,,0.5383497476577759,0.5572021007537842,-0.013659280724823475,,0.5341068506240845,0.5703747868537903,-0.009627427905797958,,0.5255404114723206,0.5808665752410889,-0.006892247125506401,,0.5193302631378174,0.5973525047302246,-0.018935417756438255,,0.5403052568435669,0.5812037587165833,-0.016901755705475807,,0.536705493927002,0.5916317701339722,-0.011260291561484337,,0.5297008752822876,0.6004706025123596,-0.007410779595375061,,0.6186414361000061,0.6527962684631348,-2.114548891540835e-07,,0.6210020780563354,0.5946741104125977,-0.001858979812823236,,0.607469379901886,0.5522621273994446,-0.0059242756105959415,,0.5889536738395691,0.5443578958511353,-0.010814603418111801,,0.5734588503837585,0.5630216598510742,-0.016564294695854187,,0.5839579105377197,0.5165950059890747,-0.008140661753714085,,0.5693372488021851,0.5384620428085327,-0.015807826071977615,,0.5769810676574707,0.5610407590866089,-0.023213038221001625,,0.587914228439331,0.5739545822143555,-0.0283267330378294,,0.5685835480690002,0.5438646674156189,-0.011720642447471619,,0.5587241053581238,0.5745368003845215,-0.015616223216056824,,0.5675466060638428,0.5948801636695862,-0.01920076087117195,,0.5787467360496521,0.6036484837532043,-0.022920116782188416,,0.5579381585121155,0.5838536620140076,-0.01501536089926958,,0.5510708093643188,0.6097718477249146,-0.019418971613049507,,0.5619496703147888,0.624667763710022,-0.020091718062758446,,0.5743080377578735,0.6283542513847351,-0.02144276164472103,,0.5497567653656006,0.6253389120101929,-0.018449245020747185,,0.5484720468521118,0.6484107971191406,-0.022178890183568,,0.5594946146011353,0.6600253582000732,-0.020117733627557755,,0.5697293877601624,0.6622942686080933,-0.0181504487991333,
-0.11146029084920883,-0.5723190307617188,-0.19247880578041077,0.9998815655708313,-0.10099594295024872,-0.6181290745735168,-0.19093447923660278,0.9997966885566711,-0.10163549333810806,-0.6176365613937378,-0.1927318274974823,0.9997954964637756,-0.10140079259872437,-0.6176538467407227,-0.19025708734989166,0.9997733235359192,-0.13437239825725555,-0.6142699122428894,-0.18391038477420807,0.9998025894165039,-0.13239847123622894,-0.6146891117095947,-0.18483278155326843,0.9998056292533875,-0.13305920362472534,-0.6135140657424927,-0.1806412786245346,0.9997900128364563,-0.0009681681403890252,-0.6364861130714417,-0.1234416589140892,0.9998217225074768,-0.13778021931648254,-0.6169968247413635,-0.06739562749862671,0.9998263716697693,-0.07048657536506653,-0.5542018413543701,-0.17421270906925201,0.9999427199363708,-0.11089405417442322,-0.5472704768180847,-0.15668421983718872,0.9999368786811829,0.1496616154909134,-0.45830482244491577,-0.07555557042360306,0.999783992767334,-0.16387580335140228,-0.4320064187049866,0.0027826514560729265,0.9998275637626648,0.1805488020181656,-0.2396717369556427,-0.16274429857730865,0.9849177598953247,-0.20512546598911285,-0.21762560307979584,-0.07789888232946396,0.9771614074707031,-0.001032465836033225,-0.2810060977935791,-0.30044257640838623,0.9342683553695679,-0.1832563728094101,-0.297323077917099,-0.26839935779571533,0.9355993866920471,-0.06086112558841705,-0.28433743119239807,-0.3388538658618927,0.9178389310836792,-0.1789737194776535,-0.3171885311603546,-0.313448965549469,0.91751629114151,-0.06535929441452026,-0.3305404782295227,-0.3270082175731659,0.922953724861145,-0.18603873252868652,-0.35875096917152405,-0.29641807079315186,0.9217227101325989,-0.018398018553853035,-0.3028634786605835,-0.29993146657943726,0.9188498854637146,-0.17628109455108643,-0.3152448832988739,-0.26894527673721313,0.9167355895042419,0.11304109543561935,-0.0065043410286307335,-0.015069739893078804,0.5603089928627014,-0.1122942864894867,0.0009317584335803986,0.015307087451219559,0.5421068668365479,0.11252397298812866,-0.054508309811353683,-0.0982770100235939,0.02623482421040535,-0.1551377773284912,-0.008123774081468582,-0.06911230087280273,0.03518243134021759,0.11315055936574936,0.21102531254291534,0.19551946222782135,0.007824470289051533,-0.0983002632856369,0.3915073871612549,0.21274206042289734,0.009237113408744335,0.11274509131908417,0.2199484407901764,0.21356968581676483,0.004952557850629091,-0.08411461859941483,0.40978312492370605,0.24390636384487152,0.006436795461922884,0.12926816940307617,0.1842549443244934,-0.0035256859846413136,0.007834888063371181,-0.0955895259976387,0.4456734359264374,0.035383813083171844,0.00884045660495758,34,1.134,0.46208494901657104,0.6883642077445984,-1.6689769211097882e-07,,0.47157880663871765,0.6437230110168457,0.0033424729481339455,,0.4947875440120697,0.6058286428451538,-0.000162044758326374,,0.5172610282897949,0.6009538769721985,-0.005907056387513876,,0.5330365896224976,0.6095998883247375,-0.010562963783740997,,0.5013207793235779,0.5704830884933472,-0.0018935654079541564,,0.53534996509552,0.5730627775192261,-0.011428911238908768,,0.5316885113716125,0.5980623960494995,-0.017574282363057137,,0.5208049416542053,0.6101261973381042,-0.02087976783514023,,0.5037539005279541,0.5904012322425842,-0.009278863668441772,,0.5370031595230103,0.5977219343185425,-0.015171957202255726,,0.5314142107963562,0.619861900806427,-0.016775695607066154,,0.5202105641365051,0.626509428024292,-0.01798914186656475,,0.5069898366928101,0.6177541017532349,-0.01695069670677185,,0.5372763276100159,0.6250585913658142,-0.020218120887875557,,0.53080815076828,0.6449958682060242,-0.015767330303788185,,0.5196622610092163,0.6499313116073608,-0.013098960742354393,,0.5093057155609131,0.6492805480957031,-0.02484941855072975,,0.5348798632621765,0.6525616645812988,-0.023332912474870682,,0.5284509062767029,0.6676320433616638,-0.016759920865297318,,0.5184451341629028,0.6725916266441345,-0.012549765408039093,,0.6277324557304382,0.7416059970855713,-2.0334439909674984e-07,,0.6129031181335449,0.6751195788383484,-0.00345218600705266,,0.5881407260894775,0.6335620284080505,-0.00922774150967598,,0.5653311014175415,0.6341055631637573,-0.01606006734073162,,0.5517114400863647,0.6621022820472717,-0.023290282115340233,,0.5739040970802307,0.5886764526367188,-0.007485778070986271,,0.545210599899292,0.6221782565116882,-0.020225893706083298,,0.5556812882423401,0.6451376676559448,-0.03139067441225052,,0.5716821551322937,0.6526318788528442,-0.038151007145643234,,0.5623424053192139,0.6196885108947754,-0.01103270798921585,,0.5432887077331543,0.6597190499305725,-0.020325589925050735,,0.5545048713684082,0.6786832809448242,-0.026813698932528496,,0.5695776343345642,0.6811167001724243,-0.03114846535027027,,0.5555292963981628,0.6635955572128296,-0.01504555344581604,,0.5406347513198853,0.6954526901245117,-0.023970304057002068,,0.5528580546379089,0.7092214822769165,-0.02602425031363964,,0.567467987537384,0.7067093849182129,-0.026895927265286446,,0.5504787564277649,0.7084055542945862,-0.019450198858976364,,0.5456408858299255,0.7375907897949219,-0.0267488956451416,,0.5574290752410889,0.7499402761459351,-0.02640572376549244,,0.5683001279830933,0.7477890253067017,-0.024616960436105728,
-0.10561222583055496,-0.5753387808799744,-0.21207119524478912,0.9998785853385925,-0.09501302987337112,-0.6206476092338562,-0.20826679468154907,0.9997912645339966,-0.09564413875341415,-0.6201669573783875,-0.21006359159946442,0.9997886419296265,-0.09535477310419083,-0.6201650500297546,-0.20765244960784912,0.9997657537460327,-0.12922285497188568,-0.617393434047699,-0.20348499715328217,0.9998002052307129,-0.127257838845253,-0.6178825497627258,-0.20438286662101746,0.9998042583465576,-0.12787990272045135,-0.6167464256286621,-0.20018388330936432,0.9997901320457458,0.0022239251993596554,-0.6368884444236755,-0.13281366229057312,0.9998133778572083,-0.13717129826545715,-0.6190318465232849,-0.08739881217479706,0.9998264312744141,-0.06632168591022491,-0.5562885403633118,-0.19129817187786102,0.9999389052391052,-0.10764731466770172,-0.5498563647270203,-0.17695903778076172,0.999933660030365,0.1495523303747177,-0.4579469859600067,-0.08317346125841141,0.9997683763504028,-0.16411501169204712,-0.4321427643299103,-0.009923859499394894,0.9998137354850769,0.1926203966140747,-0.23353047668933868,-0.165120467543602,0.9860506057739258,-0.20565947890281677,-0.21137598156929016,-0.08610250800848007,0.9780486822128296,-0.00023166087339632213,-0.24067488312721252,-0.3057691156864166,0.9402660131454468,-0.17798227071762085,-0.2637424170970917,-0.2903164029121399,0.9407366514205933,-0.06138933077454567,-0.23646889626979828,-0.34462296962738037,0.9225887656211853,-0.16748332977294922,-0.27875709533691406,-0.3378508687019348,0.920372486114502,-0.07305214554071426,-0.28224578499794006,-0.3349447250366211,0.9272028803825378,-0.17262083292007446,-0.3195780813694,-0.3237321376800537,0.924471914768219,-0.019410163164138794,-0.26043978333473206,-0.30650943517684937,0.9228540658950806,-0.16959217190742493,-0.2802138328552246,-0.29177695512771606,0.9187813401222229,0.11292053759098053,-0.007208065129816532,-0.01331285946071148,0.5469599366188049,-0.11223554611206055,0.0012152091367170215,0.013788854703307152,0.5266562700271606,0.11218954622745514,-0.04706011712551117,-0.0837983787059784,0.02653191238641739,-0.15439516305923462,0.024793341755867004,-0.06841963529586792,0.03509166091680527,0.11422574520111084,0.21331332623958588,0.19641833007335663,0.00803348794579506,-0.10118803381919861,0.3917602300643921,0.205534428358078,0.009131728671491146,0.11398667842149734,0.22245824337005615,0.21445681154727936,0.0052148811519145966,-0.0873827189207077,0.40972310304641724,0.23511432111263275,0.006447573192417622,0.12987789511680603,0.18990953266620636,-0.0033534110989421606,0.008173972368240356,-0.09606011211872101,0.44709503650665283,0.03074425272643566,0.0089409863576293,35,1.167,0.4534190595149994,0.7601168751716614,-7.604448626352678e-08,,0.4611044228076935,0.711219310760498,-9.40554091357626e-05,,0.48591020703315735,0.6746832132339478,-0.005855446215718985,,0.5114295482635498,0.6662236452102661,-0.012508194893598557,,0.529782772064209,0.6704142093658447,-0.018000129610300064,,0.4919520914554596,0.6519954204559326,-0.01288300659507513,,0.5301522612571716,0.6528767943382263,-0.02464982308447361,,0.527079164981842,0.6705256104469299,-0.030185088515281677,,0.5151053667068481,0.6769320368766785,-0.03250681236386299,,0.49308112263679504,0.6793363690376282,-0.01866045594215393,,0.5312975645065308,0.6794361472129822,-0.026797594502568245,,0.5262969732284546,0.6941415071487427,-0.0265954602509737,,0.5145257711410522,0.6985830068588257,-0.026365766301751137,,0.4955897033214569,0.710978627204895,-0.024575091898441315,,0.5295189619064331,0.7114601731300354,-0.029236258938908577,,0.5232319831848145,0.723170816898346,-0.023132942616939545,,0.5113701224327087,0.7257329821586609,-0.019203435629606247,,0.4975118339061737,0.7436455488204956,-0.030772455036640167,,0.5252915024757385,0.7403584122657776,-0.030543696135282516,,0.5195263624191284,0.7495424747467041,-0.02394070103764534,,0.5094196796417236,0.7519441843032837,-0.01959932968020439,,,,,,,,,,,,,,,,,,,,,,,,,,,,,,,,,,,,,,,,,,,,,,,,,,,,,,,,,,,,,,,,,,,,,,,,,,,,,,,,,,,,,
-0.11024854332208633,-0.5827267169952393,-0.21108004450798035,0.9998675584793091,-0.09981299936771393,-0.6273047924041748,-0.20664651691913605,0.9997704029083252,-0.10038165003061295,-0.6268616318702698,-0.2083762288093567,0.9997655153274536,-0.1000923365354538,-0.6268534660339355,-0.20599663257598877,0.9997394680976868,-0.13456547260284424,-0.6242587566375732,-0.2027348279953003,0.9997848272323608,-0.13256441056728363,-0.6248103380203247,-0.20368944108486176,0.999791145324707,-0.13318541646003723,-0.6237308382987976,-0.1995157152414322,0.9997772574424744,-0.006893801037222147,-0.6408118605613708,-0.1304577887058258,0.9997943639755249,-0.15029413998126984,-0.6233863830566406,-0.08779770135879517,0.999817430973053,-0.07308517396450043,-0.562734842300415,-0.18954062461853027,0.9999302625656128,-0.11523930728435516,-0.556082010269165,-0.17641089856624603,0.9999263286590576,0.13704614341259003,-0.4630635976791382,-0.08074450492858887,0.9997465014457703,-0.18420226871967316,-0.43292519450187683,-0.009661663323640823,0.9997847080230713,0.19314122200012207,-0.23584821820259094,-0.16241629421710968,0.9870973825454712,-0.20987440645694733,-0.2114022970199585,-0.08672045916318893,0.9784572720527649,-0.0017943141283467412,-0.19640760123729706,-0.30499038100242615,0.9455269575119019,-0.18026316165924072,-0.2417680323123932,-0.2918665409088135,0.9446392059326172,-0.06394606828689575,-0.17969077825546265,-0.3436903953552246,0.926184356212616,-0.16658201813697815,-0.25114691257476807,-0.34074997901916504,0.9204800724983215,-0.0855456069111824,-0.22093583643436432,-0.33395764231681824,0.9303767681121826,-0.17192654311656952,-0.2913864552974701,-0.32822322845458984,0.924518346786499,-0.025546327233314514,-0.21163852512836456,-0.3049980700016022,0.9256304502487183,-0.17133010923862457,-0.2570326030254364,-0.29372134804725647,0.9178061485290527,0.11245917528867722,-0.00937669351696968,-0.012788196094334126,0.5370697975158691,-0.1121053695678711,0.002547679701820016,0.013320023193955421,0.5130627751350403,0.11226437240839005,-0.03253497928380966,-0.06121891364455223,0.02732386626303196,-0.14709734916687012,0.06915662437677383,-0.061709944158792496,0.03487516567111015,0.12032157182693481,0.21789850294589996,0.19709663093090057,0.008102444931864738,-0.10002291202545166,0.39199671149253845,0.20384937524795532,0.00899389199912548,0.12029135227203369,0.2271745502948761,0.21476414799690247,0.005270268768072128,-0.08674433827400208,0.41002577543258667,0.23116305470466614,0.006423694081604481,0.14905104041099548,0.21418841183185577,0.00474634999409318,0.00841371901333332,-0.09593905508518219,0.459129273891449,0.03092680498957634,0.009031983092427254,36,1.201,,,,,,,,,,,,,,,,,,,,,,,,,,,,,,,,,,,,,,,,,,,,,,,,,,,,,,,,,,,,,,,,,,,,,,,,,,,,,,,,,,,,,,,,,,,,,,,,,,,,,,,,,,,,,,,,,,,,,,,,,,,,,,,,,,,,,,,,,,,,,,,,,,,,,,,,,,,,,,,,,,,,,,,,
-0.10992228239774704,-0.5887840986251831,-0.24714238941669464,0.9998462200164795,-0.09926209598779678,-0.6319027543067932,-0.24184519052505493,0.9997239708900452,-0.0998188704252243,-0.6315012574195862,-0.24366098642349243,0.9997125267982483,-0.09948951005935669,-0.631486713886261,-0.2414330542087555,0.9996792674064636,-0.13432781398296356,-0.6293028593063354,-0.2384815365076065,0.999755859375,-0.13232947885990143,-0.6299983263015747,-0.2391590178012848,0.9997690320014954,-0.13292554020881653,-0.6289750337600708,-0.23506499826908112,0.9997572302818298,-0.006863688584417105,-0.6418225169181824,-0.1586686074733734,0.9997336268424988,-0.15053404867649078,-0.6258925795555115,-0.12254319339990616,0.9997915625572205,-0.07296998798847198,-0.5677960515022278,-0.22380726039409637,0.9999037384986877,-0.11514948308467865,-0.5614649653434753,-0.2125498205423355,0.999904453754425,0.13601908087730408,-0.4630306363105774,-0.10767611861228943,0.9996286630630493,-0.18790732324123383,-0.43348872661590576,-0.03661387041211128,0.9997023344039917,0.19467884302139282,-0.2326420247554779,-0.1623496115207672,0.9871916770935059,-0.20511940121650696,-0.20669831335544586,-0.10859280824661255,0.9748105406761169,0.014761838130652905,-0.11665131896734238,-0.29951390624046326,0.9478164911270142,-0.17827507853507996,-0.19437365233898163,-0.32876622676849365,0.9441294074058533,-0.038648560643196106,-0.07740817964076996,-0.3326027989387512,0.9235919117927551,-0.16590102016925812,-0.19075410068035126,-0.37781742215156555,0.915621817111969,-0.07373472303152084,-0.10931980609893799,-0.33271440863609314,0.9282039999961853,-0.17029644548892975,-0.22126390039920807,-0.3746611177921295,0.9208539724349976,-0.013686561957001686,-0.12244514375925064,-0.3047094941139221,0.9218728542327881,-0.16913200914859772,-0.20211070775985718,-0.3337707817554474,0.9115045666694641,0.11151479929685593,-0.01136420201510191,-0.011368167586624622,0.5132356286048889,-0.11162939667701721,0.003463350934907794,0.012229111045598984,0.49011510610580444,0.10204564779996872,-0.010821565985679626,-0.05575037747621536,0.03472963720560074,-0.14549541473388672,0.11557183414697647,-0.06184915080666542,0.041042111814022064,0.11482688784599304,0.23436209559440613,0.18607325851917267,0.009505890309810638,-0.10847711563110352,0.4009239375591278,0.17200584709644318,0.010419657453894615,0.11366599053144455,0.2461215704679489,0.20315107703208923,0.005929938051849604,-0.09749183058738708,0.4166429936885834,0.19475653767585754,0.006923457141965628,0.1470772624015808,0.23964637517929077,-0.0006861029542051256,0.010505997575819492,-0.11070525646209717,0.4787508547306061,0.009289627894759178,0.011057933792471886,37,1.234,,,,,,,,,,,,,,,,,,,,,,,,,,,,,,,,,,,,,,,,,,,,,,,,,,,,,,,,,,,,,,,,,,,,,,,,,,,,,,,,,,,,,,,,,,,,,,,,,,,,,,,,,,,,,,,,,,,,,,,,,,,,,,,,,,,,,,,,,,,,,,,,,,,,,,,,,,,,,,,,,,,,,,,,
-0.1007806807756424,-0.5931172370910645,-0.2628331780433655,0.9998112320899963,-0.08727066218852997,-0.6348087191581726,-0.25666049122810364,0.9996612071990967,-0.08773046731948853,-0.6343856453895569,-0.2584516406059265,0.9996557235717773,-0.08733007311820984,-0.6343489289283752,-0.2564364969730377,0.9996122121810913,-0.12342429161071777,-0.6327051520347595,-0.2530616521835327,0.9996964335441589,-0.1214309111237526,-0.6334614157676697,-0.25339561700820923,0.9997193217277527,-0.12197015434503555,-0.6324650645256042,-0.2493988573551178,0.9996984601020813,0.005438586231321096,-0.6411485075950623,-0.17400316894054413,0.9996668100357056,-0.14092805981636047,-0.6258646845817566,-0.13350810110569,0.9997248649597168,-0.06628777831792831,-0.5701059103012085,-0.2395256906747818,0.9998758435249329,-0.10884607583284378,-0.5643351674079895,-0.2271859049797058,0.9998683333396912,0.1380176693201065,-0.46153557300567627,-0.12433534860610962,0.9995210766792297,-0.18539443612098694,-0.4323969781398773,-0.06480848789215088,0.9995551109313965,0.20755185186862946,-0.22702744603157043,-0.15502585470676422,0.980153501033783,-0.19176317751407623,-0.20624640583992004,-0.1106584295630455,0.9540629386901855,0.14656172692775726,-0.06934984773397446,-0.2710687816143036,0.9034929275512695,-0.1743442863225937,-0.1455652415752411,-0.3190925419330597,0.8903375267982483,0.13254451751708984,-0.01522605586796999,-0.29488784074783325,0.8677909970283508,-0.1640913188457489,-0.11854364722967148,-0.3700014054775238,0.8570039868354797,0.0985030010342598,-0.024828318506479263,-0.3278670907020569,0.880791425704956,-0.16970759630203247,-0.12975966930389404,-0.36093762516975403,0.8694671392440796,0.12328700721263885,-0.06175423786044121,-0.2899489402770996,0.8708478808403015,-0.1649932712316513,-0.1406920701265335,-0.3237888514995575,0.856834352016449,0.10926254838705063,-0.013800220564007759,-0.010638080537319183,0.4711572825908661,-0.10944680124521255,0.005095215514302254,0.011794636957347393,0.4500979781150818,0.09421457350254059,-0.012045938521623611,-0.05683162063360214,0.03721725195646286,-0.11813203990459442,0.11927559226751328,-0.08195457607507706,0.043376170098781586,0.13578718900680542,0.23557579517364502,0.1722082793712616,0.010114424861967564,-0.10064323991537094,0.4330611824989319,0.16199517250061035,0.011698104441165924,0.13705243170261383,0.24881380796432495,0.19285891950130463,0.006247406825423241,-0.09442651271820068,0.449049711227417,0.19248966872692108,0.007575000636279583,0.17219474911689758,0.23443880677223206,-0.024208927527070045,0.011394730769097805,-0.11239573359489441,0.48893648386001587,0.00816737674176693,0.012356721796095371,38,1.267,,,,,,,,,,,,,,,,,,,,,,,,,,,,,,,,,,,,,,,,,,,,,,,,,,,,,,,,,,,,,,,,,,,,,,,,,,,,,,,,,,,,,,,,,,,,,,,,,,,,,,,,,,,,,,,,,,,,,,,,,,,,,,,,,,,,,,,,,,,,,,,,,,,,,,,,,,,,,,,,,,,,,,,,
