pose_world_0_x,pose_world_0_y,pose_world_0_z,pose_world_0_visibility,pose_world_1_x,pose_world_1_y,pose_world_1_z,pose_world_1_visibility,pose_world_2_x,pose_world_2_y,pose_world_2_z,pose_world_2_visibility,pose_world_3_x,pose_world_3_y,pose_world_3_z,pose_world_3_visibility,pose_world_4_x,pose_world_4_y,pose_world_4_z,pose_world_4_visibility,pose_world_5_x,pose_world_5_y,pose_world_5_z,pose_world_5_visibility,pose_world_6_x,pose_world_6_y,pose_world_6_z,pose_world_6_visibility,pose_world_7_x,pose_world_7_y,pose_world_7_z,pose_world_7_visibility,pose_world_8_x,pose_world_8_y,pose_world_8_z,pose_world_8_visibility,pose_world_9_x,pose_world_9_y,pose_world_9_z,pose_world_9_visibility,pose_world_10_x,pose_world_10_y,pose_world_10_z,pose_world_10_visibility,pose_world_11_x,pose_world_11_y,pose_world_11_z,pose_world_11_visibility,pose_world_12_x,pose_world_12_y,pose_world_12_z,pose_world_12_visibility,pose_world_13_x,pose_world_13_y,pose_world_13_z,pose_world_13_visibility,pose_world_14_x,pose_world_14_y,pose_world_14_z,pose_world_14_visibility,pose_world_15_x,pose_world_15_y,pose_world_15_z,pose_world_15_visibility,pose_world_16_x,pose_world_16_y,pose_world_16_z,pose_world_16_visibility,pose_world_17_x,pose_world_17_y,pose_world_17_z,pose_world_17_visibility,pose_world_18_x,pose_world_18_y,pose_world_18_z,pose_world_18_visibility,pose_world_19_x,pose_world_19_y,pose_world_19_z,pose_world_19_visibility,pose_world_20_x,pose_world_20_y,pose_world_20_z,pose_world_20_visibility,pose_world_21_x,pose_world_21_y,pose_world_21_z,pose_world_21_visibility,pose_world_22_x,pose_world_22_y,pose_world_22_z,pose_world_22_visibility,pose_world_23_x,pose_world_23_y,pose_world_23_z,pose_world_23_visibility,pose_world_24_x,pose_world_24_y,pose_world_24_z,pose_world_24_visibility,pose_world_25_x,pose_world_25_y,pose_world_25_z,pose_world_25_visibility,pose_world_26_x,pose_world_26_y,pose_world_26_z,pose_world_26_visibility,pose_world_27_x,pose_world_27_y,pose_world_27_z,pose_world_27_visibility,pose_world_28_x,pose_world_28_y,pose_world_28_z,pose_world_28_visibility,pose_world_29_x,pose_world_29_y,pose_world_29_z,pose_world_29_visibility,pose_world_30_x,pose_world_30_y,pose_world_30_z,pose_world_30_visibility,pose_world_31_x,pose_world_31_y,pose_world_31_z,pose_world_31_visibility,pose_world_32_x,pose_world_32_y,pose_world_32_z,pose_world_32_visibility,frame,timestamp,right_hand_0_x,right_hand_0_y,right_hand_0_z,right_hand_0_visibility,right_hand_1_x,right_hand_1_y,right_hand_1_z,right_hand_1_visibility,right_hand_2_x,right_hand_2_y,right_hand_2_z,right_hand_2_visibility,right_hand_3_x,right_hand_3_y,right_hand_3_z,right_hand_3_visibility,right_hand_4_x,right_hand_4_y,right_hand_4_z,right_hand_4_visibility,right_hand_5_x,right_hand_5_y,right_hand_5_z,right_hand_5_visibility,right_hand_6_x,right_hand_6_y,right_hand_6_z,right_hand_6_visibility,right_hand_7_x,right_hand_7_y,right_hand_7_z,right_hand_7_visibility,right_hand_8_x,right_hand_8_y,right_hand_8_z,right_hand_8_visibility,right_hand_9_x,right_hand_9_y,right_hand_9_z,right_hand_9_visibility,right_hand_10_x,right_hand_10_y,right_hand_10_z,right_hand_10_visibility,right_hand_11_x,right_hand_11_y,right_hand_11_z,right_hand_11_visibility,right_hand_12_x,right_hand_12_y,right_hand_12_z,right_hand_12_visibility,right_hand_13_x,right_hand_13_y,right_hand_13_z,right_hand_13_visibility,right_hand_14_x,right_hand_14_y,right_hand_14_z,right_hand_14_visibility,right_hand_15_x,right_hand_15_y,right_hand_15_z,right_hand_15_visibility,right_hand_16_x,right_hand_16_y,right_hand_16_z,right_hand_16_visibility,right_hand_17_x,right_hand_17_y,right_hand_17_z,right_hand_17_visibility,right_hand_18_x,right_hand_18_y,right_hand_18_z,right_hand_18_visibility,right_hand_19_x,right_hand_19_y,right_hand_19_z,right_hand_19_visibility,right_hand_20_x,right_hand_20_y,right_hand_20_z,right_hand_20_visibility,left_hand_0_x,left_hand_0_y,left_hand_0_z,left_hand_0_visibility,left_hand_1_x,left_hand_1_y,left_hand_1_z,left_hand_1_visibility,left_hand_2_x,left_hand_2_y,left_hand_2_z,left_hand_2_visibility,left_hand_3_x,left_hand_3_y,left_hand_3_z,left_hand_3_visibility,left_hand_4_x,left_hand_4_y,left_hand_4_z,left_hand_4_visibility,left_hand_5_x,left_hand_5_y,left_hand_5_z,left_hand_5_visibility,left_hand_6_x,left_hand_6_y,left_hand_6_z,left_hand_6_visibility,left_hand_7_x,left_hand_7_y,left_hand_7_z,left_hand_7_visibility,left_hand_8_x,left_hand_8_y,left_hand_8_z,left_hand_8_visibility,left_hand_9_x,left_hand_9_y,left_hand_9_z,left_hand_9_visibility,left_hand_10_x,left_hand_10_y,left_hand_10_z,left_hand_10_visibility,left_hand_11_x,left_hand_11_y,left_hand_11_z,left_hand_11_visibility,left_hand_12_x,left_hand_12_y,left_hand_12_z,left_hand_12_visibility,left_hand_13_x,left_hand_13_y,left_hand_13_z,left_hand_13_visibility,left_hand_14_x,left_hand_14_y,left_hand_14_z,left_hand_14_visibility,left_hand_15_x,left_hand_15_y,left_hand_15_z,left_hand_15_visibility,left_hand_16_x,left_hand_16_y,left_hand_16_z,left_hand_16_visibility,left_hand_17_x,left_hand_17_y,left_hand_17_z,left_hand_17_visibility,left_hand_18_x,left_hand_18_y,left_hand_18_z,left_hand_18_visibility,left_hand_19_x,left_hand_19_y,left_hand_19_z,left_hand_19_visibility,left_hand_20_x,left_hand_20_y,left_hand_20_z,left_hand_20_visibility
-0.07689543068408966,-0.6039019823074341,-0.3175029158592224,0.9976504445075989,-0.051068078726530075,-0.6387908458709717,-0.31511059403419495,0.9962450861930847,-0.05144302174448967,-0.6384444832801819,-0.31692638993263245,0.9968830347061157,-0.05101397633552551,-0.6384503245353699,-0.3151116371154785,0.9964810609817505,-0.08809177577495575,-0.6425354480743408,-0.30513396859169006,0.9953362345695496,-0.0860738679766655,-0.643438994884491,-0.3051116466522217,0.9957160353660583,-0.08667068928480148,-0.642413318157196,-0.3013008236885071,0.9948998093605042,0.05999518930912018,-0.6167058944702148,-0.24179406464099884,0.9962365031242371,-0.08711089938879013,-0.6310789585113525,-0.17125707864761353,0.9925009608268738,-0.04101742058992386,-0.5723817348480225,-0.2970709502696991,0.9984580278396606,-0.08342847228050232,-0.5747100710868835,-0.27610263228416443,0.9978315234184265,0.16326090693473816,-0.4107619822025299,-0.1996469795703888,0.9984764456748962,-0.1484646499156952,-0.4445498585700989,-0.09434983879327774,0.9982660412788391,0.18039701879024506,-0.14998957514762878,-0.19413624703884125,0.8748656511306763,-0.16960255801677704,-0.22341984510421753,-0.035103388130664825,0.5814641714096069,0.15634310245513916,0.02697405032813549,-0.2629023790359497,0.27190569043159485,-0.1884678453207016,-0.0726374015212059,-0.12798543274402618,0.17369429767131805,0.15704946219921112,0.08980770409107208,-0.28476762771606445,0.22141185402870178,-0.1890154778957367,-0.016707994043827057,-0.13838262856006622,0.15414032340049744,0.1285698115825653,0.08758269995450974,-0.3277170956134796,0.2965908944606781,-0.18421708047389984,-0.009597435593605042,-0.18192096054553986,0.20266179740428925,0.1365785002708435,0.03930583596229553,-0.2824243903160095,0.2624140977859497,-0.17782390117645264,-0.054090481251478195,-0.14896255731582642,0.19814532995224,0.10053656250238419,-0.004520840011537075,-0.02782585285604,0.17787547409534454,-0.09997759014368057,-0.0022991281002759933,0.02945425920188427,0.18071480095386505,0.061354588717222214,0.050669118762016296,-0.08679629117250443,0.11705274134874344,-0.08398894220590591,0.13198158144950867,-0.08695213496685028,0.11509571224451065,0.1424403190612793,0.3487403392791748,0.12086062878370285,0.039265226572752,-0.05396353825926781,0.4894031882286072,0.1644931584596634,0.044912002980709076,0.1460879147052765,0.37067776918411255,0.13992394506931305,0.014212021604180336,-0.05333207547664642,0.5117289423942566,0.20063470304012299,0.02880280837416649,0.14423123002052307,0.35273537039756775,-0.06581801921129227,0.038561880588531494,-0.11536505818367004,0.5164831280708313,0.04957614466547966,0.040857166051864624,0,0.0,,,,,,,,,,,,,,,,,,,,,,,,,,,,,,,,,,,,,,,,,,,,,,,,,,,,,,,,,,,,,,,,,,,,,,,,,,,,,,,,,,,,,,,,,,,,,,,,,,,,,,,,,,,,,,,,,,,,,,,,,,,,,,,,,,,,,,,,,,,,,,,,,,,,,,,,,,,,,,,,,,,,,,,,
-0.07393345236778259,-0.601195752620697,-0.3020854890346527,0.9977684020996094,-0.05102742090821266,-0.6378222703933716,-0.297404408454895,0.9964326620101929,-0.05140545964241028,-0.6374845504760742,-0.2992827296257019,0.997025191783905,-0.05097256600856781,-0.6374961733818054,-0.29736465215682983,0.9966439604759216,-0.08806207031011581,-0.6405845284461975,-0.29027077555656433,0.995611846446991,-0.08604121953248978,-0.6414490342140198,-0.29035618901252747,0.9959724545478821,-0.08663933724164963,-0.6404762268066406,-0.28651419281959534,0.9952137470245361,0.05751153081655502,-0.6201380491256714,-0.21587258577346802,0.9964165091514587,-0.09098780900239944,-0.6309226751327515,-0.16201655566692352,0.9930208325386047,-0.038072679191827774,-0.5719210505485535,-0.27910125255584717,0.998528242111206,-0.0809236541390419,-0.5729585886001587,-0.26290687918663025,0.9979494214057922,0.1652238368988037,-0.4208170771598816,-0.1679273545742035,0.9983815550804138,-0.14905568957328796,-0.4444029927253723,-0.09183462709188461,0.9982502460479736,0.18074606359004974,-0.16424427926540375,-0.1719343662261963,0.8745192885398865,-0.16963984072208405,-0.21651561558246613,-0.08419138193130493,0.5960131287574768,0.1472311168909073,0.0006960479076951742,-0.25891172885894775,0.2909214496612549,-0.15115031599998474,-0.08811436593532562,-0.25781869888305664,0.1970471739768982,0.14019468426704407,0.05646676942706108,-0.28398701548576355,0.23977138102054596,-0.14309164881706238,-0.04628610983490944,-0.2932069003582001,0.17574258148670197,0.11348741501569748,0.046907804906368256,-0.32604992389678955,0.31544795632362366,-0.13119903206825256,-0.0562075637280941,-0.31869447231292725,0.22562721371650696,0.12750782072544098,0.008491765707731247,-0.2792345881462097,0.2810857594013214,-0.13661308586597443,-0.0780659019947052,-0.2739870846271515,0.21942183375358582,0.10058556497097015,-0.005499836523085833,-0.02120097540318966,0.1791807860136032,-0.10010860860347748,-0.0017772874562069774,0.02291294001042843,0.18226467072963715,0.0813114196062088,0.033353690057992935,-0.08456460386514664,0.12105128169059753,-0.0816570520401001,0.13202215731143951,-0.09605659544467926,0.11977513879537582,0.14522656798362732,0.3339044153690338,0.11820723116397858,0.03934174031019211,-0.05397338420152664,0.47057977318763733,0.1268632858991623,0.046690355986356735,0.14850234985351562,0.3560270071029663,0.136339008808136,0.014407404698431492,-0.052853524684906006,0.4912447929382324,0.15482591092586517,0.029069913551211357,0.16990168392658234,0.34734809398651123,-0.06580580770969391,0.0391300693154335,-0.10043016821146011,0.5120083689689636,-0.006972486153244972,0.04271052032709122,1,0.041,,,,,,,,,,,,,,,,,,,,,,,,,,,,,,,,,,,,,,,,,,,,,,,,,,,,,,,,,,,,,,,,,,,,,,,,,,,,,,,,,,,,,,,,,,,,,,,,,,,,,,,,,,,,,,,,,,,,,,,,,,,,,,,,,,,,,,,,,,,,,,,,,,,,,,,,,,,,,,,,,,,,,,,,
-0.06865333020687103,-0.600347101688385,-0.29848742485046387,0.9979453682899475,-0.04869336262345314,-0.6376123428344727,-0.2938999831676483,0.9966925382614136,-0.049135275185108185,-0.6372814178466797,-0.29580140113830566,0.9972218871116638,-0.04866195097565651,-0.6372882723808289,-0.2937997877597809,0.9968673586845398,-0.08563797175884247,-0.6401702761650085,-0.2864631116390228,0.995974063873291,-0.08362043648958206,-0.6410219073295593,-0.28662317991256714,0.9963075518608093,-0.08423449844121933,-0.6400678753852844,-0.2827276289463043,0.9956223368644714,0.058116614818573,-0.6229413747787476,-0.21113891899585724,0.9966729879379272,-0.09081293642520905,-0.6315323114395142,-0.15884575247764587,0.993633508682251,-0.03268706053495407,-0.5718602538108826,-0.275370717048645,0.9986397624015808,-0.075982004404068,-0.5726591348648071,-0.2595124840736389,0.9981207251548767,0.17335714399814606,-0.42558765411376953,-0.15666119754314423,0.9983767867088318,-0.14713172614574432,-0.4457811713218689,-0.08403535932302475,0.9983659386634827,0.1836717426776886,-0.17127098143100739,-0.1529785394668579,0.8816940188407898,-0.16974526643753052,-0.21653243899345398,-0.1197526678442955,0.6239936947822571,0.15177036821842194,-0.002726009115576744,-0.23973020911216736,0.3410009443759918,-0.14389894902706146,-0.1545606404542923,-0.3399614095687866,0.26133787631988525,0.14058496057987213,0.0527387410402298,-0.26048851013183594,0.28534799814224243,-0.13495704531669617,-0.1325996071100235,-0.38564780354499817,0.23562991619110107,0.12266580760478973,0.042855892330408096,-0.30169036984443665,0.3581791818141937,-0.12255474925041199,-0.15240968763828278,-0.396233469247818,0.2828090786933899,0.13450577855110168,0.004524929914623499,-0.2591567933559418,0.3242773115634918,-0.12863047420978546,-0.1526707112789154,-0.35090577602386475,0.2729785740375519,0.10160688310861588,-0.005698525346815586,-0.018376335501670837,0.19616664946079254,-0.10133003443479538,-0.0017119754338636994,0.02009347267448902,0.20387542247772217,0.08627231419086456,0.034445665776729584,-0.0698789432644844,0.13622769713401794,-0.08788240700960159,0.13204672932624817,-0.08797810226678848,0.1331499218940735,0.13504251837730408,0.3256829082965851,0.13747470080852509,0.04156329110264778,-0.06150854006409645,0.45469582080841064,0.1317608654499054,0.05073271319270134,0.13612323999404907,0.34683725237846375,0.1543162316083908,0.015261206775903702,-0.05690185725688934,0.47334516048431396,0.16390205919742584,0.029793869704008102,0.1649833768606186,0.3399781882762909,-0.040422163903713226,0.04153836518526077,-0.09834979474544525,0.5047611594200134,0.0026965346187353134,0.0464748740196228,2,0.083,,,,,,,,,,,,,,,,,,,,,,,,,,,,,,,,,,,,,,,,,,,,,,,,,,,,,,,,,,,,,,,,,,,,,,,,,,,,,,,,,,,,,,,,,,,,,,,,,,,,,,,,,,,,,,,,,,,,,,,,,,,,,,,,,,,,,,,,,,,,,,,,,,,,,,,,,,,,,,,,,,,,,,,,
-0.07208433747291565,-0.5988827347755432,-0.29930976033210754,0.9980925917625427,-0.05563094839453697,-0.6370087265968323,-0.29524144530296326,0.9968990683555603,-0.05612078681588173,-0.6366979479789734,-0.29713505506515503,0.9973613619804382,-0.05558137595653534,-0.6367147564888,-0.29514050483703613,0.9970340132713318,-0.09146825969219208,-0.6390756964683533,-0.28764641284942627,0.9962819814682007,-0.08943068236112595,-0.6399329304695129,-0.2877868711948395,0.9965917468070984,-0.09004393965005875,-0.6390037536621094,-0.28389981389045715,0.9959781169891357,0.04432908445596695,-0.6263152956962585,-0.21312788128852844,0.9968580603599548,-0.10120685398578644,-0.6318666934967041,-0.1613038331270218,0.99416184425354,-0.03735031932592392,-0.5717654228210449,-0.27623793482780457,0.998724102973938,-0.07992289215326309,-0.5720388889312744,-0.26041895151138306,0.9982655644416809,0.16530486941337585,-0.4350340962409973,-0.15230871737003326,0.9983639717102051,-0.15484583377838135,-0.44656792283058167,-0.08274134993553162,0.9984609484672546,0.18112234771251678,-0.17962145805358887,-0.14230549335479736,0.8886048793792725,-0.18037594854831696,-0.21519909799098969,-0.13130396604537964,0.646661639213562,0.15155425667762756,3.2703796932764817e-06,-0.2307177484035492,0.3922542929649353,-0.1500227004289627,-0.17242459952831268,-0.3552757501602173,0.3208829462528229,0.14151625335216522,0.056216344237327576,-0.25259286165237427,0.33520421385765076,-0.14308206737041473,-0.15834243595600128,-0.40501031279563904,0.2927592694759369,0.122767373919487,0.046827059239149094,-0.2921976149082184,0.40375250577926636,-0.13304832577705383,-0.1839485764503479,-0.4106057286262512,0.33673813939094543,0.1345294862985611,0.007765823043882847,-0.25006410479545593,0.3702300786972046,-0.1358981728553772,-0.17428652942180634,-0.364090234041214,0.32275402545928955,0.10157682001590729,-0.007389076054096222,-0.015180423855781555,0.21391963958740234,-0.10136889666318893,-0.0007702265866100788,0.01693120226264,0.22570066154003143,0.09658650308847427,0.037850718945264816,-0.03194892406463623,0.14892366528511047,-0.08798923343420029,0.15825633704662323,-0.06309627741575241,0.1436644047498703,0.13410145044326782,0.3183557391166687,0.16472555696964264,0.04303552210330963,-0.062482062727212906,0.44989508390426636,0.1333487629890442,0.05350014939904213,0.13465337455272675,0.33810439705848694,0.1800818294286728,0.01607809215784073,-0.05697090923786163,0.4669681787490845,0.16825075447559357,0.030441464856266975,0.1651083081960678,0.33717042207717896,0.00042579599539749324,0.044008150696754456,-0.09026873111724854,0.5051430463790894,0.008331142365932465,0.050345826894044876,3,0.125,,,,,,,,,,,,,,,,,,,,,,,,,,,,,,,,,,,,,,,,,,,,,,,,,,,,,,,,,,,,,,,,,,,,,,,,,,,,,,,,,,,,,,,,,,,,,,,,,,,,,,,,,,,,,,,,,,,,,,,,,,,,,,,,,,,,,,,,,,,,,,,,,,,,,,,,,,,,,,,,,,,,,,,,
-0.07269391417503357,-0.5953200459480286,-0.3008197844028473,0.9982163310050964,-0.057946790009737015,-0.6345874667167664,-0.29633304476737976,0.9970693588256836,-0.058457497507333755,-0.6343057155609131,-0.2982378304004669,0.9974673986434937,-0.05788949504494667,-0.6343352198600769,-0.2961685061454773,0.9971640110015869,-0.09380732476711273,-0.635859489440918,-0.29107263684272766,0.9965535998344421,-0.09176048636436462,-0.6367183327674866,-0.2912888526916504,0.9968440532684326,-0.09235576540231705,-0.6358000636100769,-0.28735747933387756,0.9962956309318542,0.036303434520959854,-0.6271225214004517,-0.21424536406993866,0.997015118598938,-0.11086173355579376,-0.6314672827720642,-0.1689767837524414,0.994633674621582,-0.03912649676203728,-0.5704178214073181,-0.2769445776939392,0.9987928867340088,-0.08189289271831512,-0.5695372819900513,-0.2632420063018799,0.9983918070793152,0.15907275676727295,-0.4388195872306824,-0.14378343522548676,0.9983270168304443,-0.16315825283527374,-0.44643789529800415,-0.08338849991559982,0.9985364079475403,0.18121151626110077,-0.1851131021976471,-0.12957033514976501,0.8947057723999023,-0.183720663189888,-0.21206171810626984,-0.1440315544605255,0.6699161529541016,0.1529398411512375,-0.002989521250128746,-0.2250092476606369,0.4390966296195984,-0.1570008397102356,-0.18745096027851105,-0.3684299886226654,0.37773361802101135,0.1418130248785019,0.049231596291065216,-0.2464258372783661,0.3805217444896698,-0.1517888307571411,-0.182859405875206,-0.4182971715927124,0.3481080234050751,0.12549398839473724,0.03787752985954285,-0.28484106063842773,0.4451392590999603,-0.1495615839958191,-0.21011196076869965,-0.4219379723072052,0.38884076476097107,0.13653388619422913,0.0033601680770516396,-0.244342640042305,0.41192173957824707,-0.1458984911441803,-0.19142720103263855,-0.37649646401405334,0.3711595833301544,0.10166000574827194,-0.008272279985249043,-0.010608179494738579,0.22162771224975586,-0.10164285451173782,-0.0003681962552946061,0.012399316765367985,0.23686441779136658,0.1012253537774086,0.03769965097308159,-0.03308666869997978,0.15612322092056274,-0.08981511741876602,0.15828485786914825,-0.06579931825399399,0.15129554271697998,0.13259485363960266,0.29921257495880127,0.1649056077003479,0.04254653677344322,-0.06829143315553665,0.438974529504776,0.12858259677886963,0.05462699756026268,0.1327686607837677,0.31676623225212097,0.18081432580947876,0.016297582536935806,-0.06106993183493614,0.45479288697242737,0.15219713747501373,0.030350591987371445,0.16843518614768982,0.3170604407787323,0.0015021207509562373,0.044539377093315125,-0.0870506688952446,0.5004064440727234,-0.011702149175107479,0.05247616395354271,4,0.166,0.4738475978374481,0.8945544362068176,-1.0480039946969555e-07,,0.4781271517276764,0.8686785101890564,-0.004617983940988779,,0.48976609110832214,0.847525417804718,-0.011867741122841835,,0.5051480531692505,0.8473064303398132,-0.01814117468893528,,0.517432689666748,0.8621145486831665,-0.022995350882411003,,0.46722179651260376,0.8513241410255432,-0.027237165719270706,,0.5037317276000977,0.8425722718238831,-0.03823146969079971,,0.4977220892906189,0.8565372228622437,-0.039788249880075455,,0.4861900806427002,0.8637353777885437,-0.03865806385874748,,0.4671711325645447,0.883345901966095,-0.029725559055805206,,0.507576584815979,0.8782405853271484,-0.04044852405786514,,0.49847057461738586,0.8883530497550964,-0.03775336220860481,,0.4846753776073456,0.8907678723335266,-0.034466877579689026,,0.47009506821632385,0.9162094593048096,-0.03170057386159897,,0.5076060891151428,0.9115233421325684,-0.04027177765965462,,0.49813312292099,0.9186124205589294,-0.03250456601381302,,0.4851558804512024,0.9223753213882446,-0.025900250300765038,,0.4741627275943756,0.9480553865432739,-0.03378869220614433,,0.4995529353618622,0.9409048557281494,-0.039483536034822464,,0.49223601818084717,0.9430645108222961,-0.03422202169895172,,0.48047372698783875,0.9478303790092468,-0.029973288998007774,,,,,,,,,,,,,,,,,,,,,,,,,,,,,,,,,,,,,,,,,,,,,,,,,,,,,,,,,,,,,,,,,,,,,,,,,,,,,,,,,,,,,
-0.07287424057722092,-0.5925779342651367,-0.30122891068458557,0.9983338117599487,-0.05871305614709854,-0.6323522925376892,-0.29694193601608276,0.997233510017395,-0.05923333764076233,-0.6320920586585999,-0.2988412082195282,0.9975758194923401,-0.05865972489118576,-0.6321353316307068,-0.2968069314956665,0.9972971677780151,-0.0944662019610405,-0.6333826184272766,-0.29202723503112793,0.9968020915985107,-0.09241389483213425,-0.6342564225196838,-0.29227036237716675,0.9970743060112,-0.09300009906291962,-0.6333410143852234,-0.2883191704750061,0.9965838193893433,0.032816577702760696,-0.6271883845329285,-0.21421818435192108,0.9971702098846436,-0.11364055424928665,-0.6311691403388977,-0.17244434356689453,0.9950558543205261,-0.04023277759552002,-0.568857729434967,-0.27776363492012024,0.9988594055175781,-0.08286667615175247,-0.567510187625885,-0.2639414072036743,0.9985058903694153,0.15454167127609253,-0.43955591320991516,-0.14072099328041077,0.9983293414115906,-0.16505476832389832,-0.44641298055648804,-0.08353099226951599,0.9986060261726379,0.1846068650484085,-0.18497823178768158,-0.1242939904332161,0.9012070298194885,-0.18301060795783997,-0.21107281744480133,-0.14474532008171082,0.6905038952827454,0.16481955349445343,-0.0015277245547622442,-0.21938100457191467,0.4840240180492401,-0.16142871975898743,-0.19378280639648438,-0.36594581604003906,0.4299624562263489,0.15666426718235016,0.05201197415590286,-0.23956188559532166,0.4247299134731293,-0.16011574864387512,-0.18939335644245148,-0.41562312841415405,0.39941835403442383,0.140654519200325,0.04161880910396576,-0.2787977457046509,0.48535871505737305,-0.1625717282295227,-0.21539750695228577,-0.42070692777633667,0.43714824318885803,0.14896458387374878,0.005521655082702637,-0.2389233410358429,0.45301368832588196,-0.15301036834716797,-0.197492778301239,-0.3746364712715149,0.416825532913208,0.10158732533454895,-0.008641193620860577,-0.009182773530483246,0.23844151198863983,-0.10164441913366318,-0.00014270459359977394,0.010943137109279633,0.25639668107032776,0.10336334258317947,0.04375473037362099,-0.030900193378329277,0.16743548214435577,-0.08982139080762863,0.1622292399406433,-0.06605559587478638,0.16283419728279114,0.13256777822971344,0.30471205711364746,0.1632884293794632,0.04367639496922493,-0.06810933351516724,0.442445307970047,0.12815351784229279,0.05806485936045647,0.13274803757667542,0.3232617676258087,0.17883838713169098,0.016981149092316628,-0.05973683297634125,0.45916110277175903,0.14829571545124054,0.031301919370889664,0.16896703839302063,0.31878456473350525,0.0015898245619609952,0.04665527120232582,-0.07959312200546265,0.5012767314910889,-0.012596728280186653,0.05670090764760971,5,0.208,0.42741045355796814,0.9048284888267517,-1.458243445995322e-07,,0.4407004714012146,0.8666277527809143,-0.0013996753841638565,,0.4670051336288452,0.8388680815696716,-0.0060891141183674335,,0.49371474981307983,0.8345398902893066,-0.010819693095982075,,0.5110630989074707,0.8509277701377869,-0.013583299703896046,,0.4622195065021515,0.8355260491371155,-0.015134669840335846,,0.5010965466499329,0.839405357837677,-0.024759143590927124,,0.49183571338653564,0.8516937494277954,-0.026081372052431107,,0.47881901264190674,0.8555550575256348,-0.024761278182268143,,0.46228575706481934,0.8685935139656067,-0.018691333010792732,,0.5036173462867737,0.8691019415855408,-0.027066124603152275,,0.4923858046531677,0.8791096806526184,-0.02437242493033409,,0.4778484106063843,0.8813936710357666,-0.02069406397640705,,0.46323898434638977,0.9034303426742554,-0.022127090021967888,,0.5011035799980164,0.8992131948471069,-0.027808336541056633,,0.48986268043518066,0.9064297676086426,-0.02000802755355835,,0.47628751397132874,0.9090942144393921,-0.01335011888295412,,0.4640592932701111,0.9366014003753662,-0.025656312704086304,,0.4935286045074463,0.9288982152938843,-0.028072545304894447,,0.4848687946796417,0.9313756227493286,-0.022200485691428185,,0.4735112488269806,0.9352676272392273,-0.01735229417681694,,,,,,,,,,,,,,,,,,,,,,,,,,,,,,,,,,,,,,,,,,,,,,,,,,,,,,,,,,,,,,,,,,,,,,,,,,,,,,,,,,,,,
-0.0814388245344162,-0.5927273631095886,-0.29571372270584106,0.998454749584198,-0.06639551371335983,-0.6323843002319336,-0.29188114404678345,0.9974086880683899,-0.06692812591791153,-0.6321220397949219,-0.2936965525150299,0.9977060556411743,-0.06639071553945541,-0.6321648359298706,-0.29162541031837463,0.9974489808082581,-0.10179001837968826,-0.6334733366966248,-0.286743700504303,0.9970455765724182,-0.09972528368234634,-0.634347140789032,-0.28706300258636475,0.9972997903823853,-0.10033954679965973,-0.6334293484687805,-0.2830812931060791,0.9968586564064026,0.025718942284584045,-0.6279791593551636,-0.20714755356311798,0.9973554015159607,-0.11958413571119308,-0.6312964558601379,-0.16655562818050385,0.9954618811607361,-0.04945957660675049,-0.5689333081245422,-0.2714773714542389,0.9989359378814697,-0.09177067130804062,-0.5675520896911621,-0.25832900404930115,0.9986214637756348,0.14781484007835388,-0.44164296984672546,-0.13751019537448883,0.9983770251274109,-0.1689731627702713,-0.4466252624988556,-0.0709182471036911,0.9986811876296997,0.18583133816719055,-0.19225379824638367,-0.1231890320777893,0.9092794060707092,-0.18254613876342773,-0.21334412693977356,-0.13300947844982147,0.7118358016014099,0.1588352769613266,-0.008327034302055836,-0.21195834875106812,0.5299742817878723,-0.17738023400306702,-0.19908490777015686,-0.3421476483345032,0.47967177629470825,0.14685150980949402,0.044157475233078,-0.2341974824666977,0.4704163074493408,-0.18024128675460815,-0.19263333082199097,-0.3909252882003784,0.44754892587661743,0.12807080149650574,0.032087016850709915,-0.2702246606349945,0.52646803855896,-0.1827864944934845,-0.2161693125963211,-0.3974808156490326,0.48240360617637634,0.14156365394592285,-0.00255346461199224,-0.22984883189201355,0.4958309829235077,-0.17031291127204895,-0.20196343958377838,-0.351711630821228,0.4611091911792755,0.10154038667678833,-0.0089338980615139,-0.009525909088551998,0.27077245712280273,-0.10164783149957657,0.0002799787325784564,0.011168238706886768,0.29098615050315857,0.10419562458992004,0.04600009694695473,-0.03528186306357384,0.17501860857009888,-0.09181049466133118,0.16152629256248474,-0.062423091381788254,0.16856034100055695,0.13271234929561615,0.3052510917186737,0.16136570274829865,0.04449959099292755,-0.06674429029226303,0.4463020861148834,0.13065357506275177,0.060293570160865784,0.13294076919555664,0.32428473234176636,0.1780083030462265,0.01749919354915619,-0.05738723650574684,0.4644472002983093,0.1519373655319214,0.03232923522591591,0.16477201879024506,0.3308795988559723,-0.004387322813272476,0.04781314730644226,-0.080860935151577,0.51729816198349,-0.008330916054546833,0.0592130571603775,6,0.25,0.41318631172180176,0.90096515417099,-1.2664366977332975e-07,,0.42900609970092773,0.8613338470458984,-0.0018006867030635476,,0.45803290605545044,0.8381595611572266,-0.007213988341391087,,0.48637232184410095,0.8367051482200623,-0.012162295170128345,,0.5022038221359253,0.8503167629241943,-0.015283181332051754,,0.4537791609764099,0.8290367126464844,-0.019964393228292465,,0.49443864822387695,0.8391389846801758,-0.0293341726064682,,0.48505476117134094,0.850448489189148,-0.029933761805295944,,0.4719636142253876,0.8525974154472351,-0.028663860633969307,,0.4532043933868408,0.8644763827323914,-0.023943275213241577,,0.4940785765647888,0.8702289462089539,-0.031240440905094147,,0.48241594433784485,0.8770564198493958,-0.026695696637034416,,0.46889057755470276,0.8764779567718506,-0.02298799157142639,,0.4530779719352722,0.9013537168502808,-0.027560822665691376,,0.49183857440948486,0.9000024199485779,-0.032175350934267044,,0.479708731174469,0.9048692584037781,-0.02249814197421074,,0.46660134196281433,0.9055054187774658,-0.015677521005272865,,0.45250481367111206,0.937130331993103,-0.0313192754983902,,0.48274990916252136,0.9297545552253723,-0.03202872723340988,,0.4729858934879303,0.9309381246566772,-0.024230852723121643,,0.46200746297836304,0.9332945346832275,-0.01878279633820057,,,,,,,,,,,,,,,,,,,,,,,,,,,,,,,,,,,,,,,,,,,,,,,,,,,,,,,,,,,,,,,,,,,,,,,,,,,,,,,,,,,,,
-0.08224739134311676,-0.5928481817245483,-0.29532140493392944,0.9985312819480896,-0.06692580133676529,-0.6324174404144287,-0.2920314371585846,0.997506856918335,-0.06745747476816177,-0.6321539878845215,-0.29385027289390564,0.9977610111236572,-0.06693176925182343,-0.6321955323219299,-0.2917740046977997,0.9975289702415466,-0.10213656723499298,-0.6335333585739136,-0.28640490770339966,0.9972118735313416,-0.10007450729608536,-0.6344065070152283,-0.28673139214515686,0.9974554181098938,-0.10069353133440018,-0.6334871649742126,-0.28275349736213684,0.9970619678497314,0.026474440470337868,-0.6291345357894897,-0.20791704952716827,0.9974713921546936,-0.11814861744642258,-0.6314504742622375,-0.1657886654138565,0.9957593083381653,-0.04998088255524635,-0.5690478086471558,-0.2713124454021454,0.9989799857139587,-0.09202682971954346,-0.567589521408081,-0.25778794288635254,0.9986973404884338,0.1481403261423111,-0.4445042014122009,-0.14093142747879028,0.9984045028686523,-0.16843710839748383,-0.4470401704311371,-0.06783980876207352,0.9987192153930664,0.19059625267982483,-0.19965334236621857,-0.12774911522865295,0.9170340299606323,-0.17569370567798615,-0.21462832391262054,-0.12913553416728973,0.7294337153434753,0.14762023091316223,-0.017211131751537323,-0.21428969502449036,0.5727124214172363,-0.1820763796567917,-0.19987832009792328,-0.3279476463794708,0.524172842502594,0.1310458779335022,0.03442161902785301,-0.2370707094669342,0.5140034556388855,-0.1878693401813507,-0.19272735714912415,-0.3754991590976715,0.4908857047557831,0.10809928923845291,0.01995539292693138,-0.27246302366256714,0.565493643283844,-0.19077636301517487,-0.217715322971344,-0.383871465921402,0.5230985283851624,0.12799352407455444,-0.012654412537813187,-0.23167136311531067,0.5366525053977966,-0.1759043037891388,-0.2030089646577835,-0.33833205699920654,0.5013052821159363,0.1014934778213501,-0.008935441263020039,-0.011232282966375351,0.29858067631721497,-0.10164836049079895,0.00029888880089856684,0.012739668600261211,0.31792184710502625,0.10361841320991516,0.05556491017341614,-0.0379304438829422,0.18409588932991028,-0.09419659525156021,0.1603926718235016,-0.058280184864997864,0.17479495704174042,0.1308906227350235,0.30991312861442566,0.15965138375759125,0.04528587684035301,-0.06528593599796295,0.44817644357681274,0.13181766867637634,0.06188669428229332,0.1306019276380539,0.3280724287033081,0.17421822249889374,0.017888789996504784,-0.055292677134275436,0.4665929675102234,0.15419277548789978,0.03307584673166275,0.15606313943862915,0.33976686000823975,-0.0073324269615113735,0.048957113176584244,-0.08112811297178268,0.5183215141296387,-0.006783169694244862,0.06130751222372055,7,0.291,0.43898436427116394,0.8786569237709045,9.299039760435335e-08,,0.44948723912239075,0.8466673493385315,-0.005747816991060972,,0.4685293436050415,0.8310228586196899,-0.011108029633760452,,0.48608922958374023,0.8364565372467041,-0.01480124145746231,,0.49660471081733704,0.852888286113739,-0.017492853105068207,,0.45093977451324463,0.83326256275177,-0.02113489806652069,,0.4758535623550415,0.8374854922294617,-0.03015759214758873,,0.4868510365486145,0.8404091596603394,-0.03304864466190338,,0.492748498916626,0.8413600921630859,-0.03403762727975845,,0.4497929811477661,0.8651490211486816,-0.02258140593767166,,0.4878591001033783,0.8720461130142212,-0.03432394564151764,,0.485546737909317,0.8704175353050232,-0.0346982404589653,,0.47566884756088257,0.868012011051178,-0.032290905714035034,,0.45124882459640503,0.8954367637634277,-0.023412568494677544,,0.48656681180000305,0.8991063833236694,-0.0324355810880661,,0.4826086759567261,0.8936131596565247,-0.027514595538377762,,0.47282674908638,0.8919346928596497,-0.021378623321652412,,0.4541166424751282,0.9200423955917358,-0.02445317432284355,,0.4798799157142639,0.9181263446807861,-0.028443042188882828,,0.47677114605903625,0.9124264121055603,-0.023793326690793037,,0.46787407994270325,0.9137664437294006,-0.019201556220650673,,,,,,,,,,,,,,,,,,,,,,,,,,,,,,,,,,,,,,,,,,,,,,,,,,,,,,,,,,,,,,,,,,,,,,,,,,,,,,,,,,,,,
-0.08213390409946442,-0.5926099419593811,-0.2959027588367462,0.998610258102417,-0.06651228666305542,-0.6321444511413574,-0.29254812002182007,0.9976197481155396,-0.06703906506299973,-0.6318795680999756,-0.29436543583869934,0.9978414177894592,-0.06651664525270462,-0.6319246292114258,-0.29230982065200806,0.997633159160614,-0.10180585086345673,-0.6330933570861816,-0.28685393929481506,0.9973759651184082,-0.09974559396505356,-0.6339514851570129,-0.28716352581977844,0.9976072907447815,-0.100363589823246,-0.6330258250236511,-0.2831934094429016,0.9972556233406067,0.027559131383895874,-0.6291099786758423,-0.20812901854515076,0.9976077079772949,-0.11759921908378601,-0.6308454871177673,-0.1656324714422226,0.9960495233535767,-0.04980211332440376,-0.5688304901123047,-0.2719515264034271,0.999035120010376,-0.0918901339173317,-0.567165195941925,-0.25818151235580444,0.9987773895263672,0.14863896369934082,-0.445878267288208,-0.14320193231105804,0.9984773993492126,-0.16546578705310822,-0.44612249732017517,-0.06509872525930405,0.9987667798995972,0.20403295755386353,-0.20533044636249542,-0.13194456696510315,0.9245123863220215,-0.1701231598854065,-0.21284335851669312,-0.12117022275924683,0.7464262843132019,0.13538621366024017,-0.03472086042165756,-0.2149704247713089,0.6122820377349854,-0.18192028999328613,-0.19654887914657593,-0.3214304447174072,0.5644636750221252,0.11130890250205994,0.014738047495484352,-0.23877155780792236,0.5545161366462708,-0.186845600605011,-0.18899421393871307,-0.36516669392585754,0.5291615724563599,0.08371999859809875,-0.0025104940868914127,-0.2750222980976105,0.6016066670417786,-0.18904148042201996,-0.21591581404209137,-0.37741175293922424,0.5589001774787903,0.11250118166208267,-0.0320703461766243,-0.23389440774917603,0.5745317339897156,-0.1754044145345688,-0.20048992335796356,-0.33335477113723755,0.5367936491966248,0.10149693489074707,-0.008932259865105152,-0.01368166133761406,0.3238610029220581,-0.10166151821613312,0.000356911972630769,0.015059162862598896,0.34028053283691406,0.10605026036500931,0.05847722291946411,-0.03896593302488327,0.19136543571949005,-0.09495735913515091,0.15150237083435059,-0.05546558275818825,0.17733636498451233,0.13098475337028503,0.3209700584411621,0.15592072904109955,0.04678252339363098,-0.05874117463827133,0.4488930404186249,0.14271222054958344,0.06250603497028351,0.13081836700439453,0.3392360508441925,0.16847307980060577,0.018463212996721268,-0.047794196754693985,0.46754130721092224,0.16259199380874634,0.033574093133211136,0.1559445858001709,0.34547778964042664,-0.012018203735351562,0.05028173327445984,-0.07002640515565872,0.5178465247154236,0.000357870536390692,0.062069281935691833,8,0.333,0.4356763958930969,0.8855565786361694,2.579692237603126e-09,,0.44741135835647583,0.8508099913597107,-0.008098669350147247,,0.4718729853630066,0.8312793374061584,-0.01600763387978077,,0.4921001195907593,0.8402262330055237,-0.021755864843726158,,0.49671077728271484,0.8632679581642151,-0.026320090517401695,,0.4560157358646393,0.8337646722793579,-0.031113889068365097,,0.4893985688686371,0.8441956043243408,-0.041488975286483765,,0.48534661531448364,0.850988507270813,-0.04310200363397598,,0.4743240773677826,0.8510563373565674,-0.042908020317554474,,0.4521327018737793,0.8670431971549988,-0.03171483799815178,,0.4888436794281006,0.8780954480171204,-0.042058415710926056,,0.48098912835121155,0.8801737427711487,-0.03899986296892166,,0.46817803382873535,0.878444254398346,-0.03616350516676903,,0.45035186409950256,0.9013270139694214,-0.031755052506923676,,0.48534953594207764,0.9078992009162903,-0.03735681250691414,,0.4767202138900757,0.9080109596252441,-0.028704063966870308,,0.4649626314640045,0.9073737263679504,-0.02269103191792965,,0.44952672719955444,0.9322606325149536,-0.03261665254831314,,0.4761078953742981,0.9342247843742371,-0.034255288541316986,,0.4696173071861267,0.931216835975647,-0.027826698496937752,,0.46019625663757324,0.9315750002861023,-0.023621931672096252,,,,,,,,,,,,,,,,,,,,,,,,,,,,,,,,,,,,,,,,,,,,,,,,,,,,,,,,,,,,,,,,,,,,,,,,,,,,,,,,,,,,,
-0.09310022741556168,-0.5926679968833923,-0.2958899140357971,0.998712420463562,-0.07723455876111984,-0.6321640610694885,-0.2926747798919678,0.997779369354248,-0.07777558267116547,-0.631898820400238,-0.2944599986076355,0.9979725480079651,-0.07732982188463211,-0.6319438219070435,-0.2923845052719116,0.9977829456329346,-0.11299903690814972,-0.6330425143241882,-0.28678324818611145,0.9975780248641968,-0.11091872304677963,-0.633882462978363,-0.287154883146286,0.9977933168411255,-0.1115686446428299,-0.6329505443572998,-0.2831730246543884,0.9974777698516846,0.017382480204105377,-0.6299272775650024,-0.20800790190696716,0.9977802634239197,-0.12936589121818542,-0.6303962469100952,-0.16414734721183777,0.9963797330856323,-0.059720538556575775,-0.5688727498054504,-0.2717515826225281,0.9991059303283691,-0.10254397243261337,-0.5670883655548096,-0.25771698355674744,0.9988747835159302,0.1414501667022705,-0.45098012685775757,-0.1448858231306076,0.9985600709915161,-0.17411699891090393,-0.4441767930984497,-0.05906194821000099,0.9988265633583069,0.20268583297729492,-0.21622316539287567,-0.13728642463684082,0.9316211342811584,-0.17479416728019714,-0.21075034141540527,-0.11958939582109451,0.7662478685379028,0.10445527732372284,-0.0573183111846447,-0.2228837013244629,0.6493878960609436,-0.18793565034866333,-0.20025674998760223,-0.3192492425441742,0.6039125323295593,0.07395253330469131,-0.011782476678490639,-0.25113579630851746,0.5933164358139038,-0.19054153561592102,-0.197368323802948,-0.36670371890068054,0.5670022368431091,0.04468045011162758,-0.03140370175242424,-0.27704527974128723,0.6361454129219055,-0.19392196834087372,-0.2267419695854187,-0.3740251660346985,0.5942347049713135,0.07981643825769424,-0.056858163326978683,-0.23715832829475403,0.6109966039657593,-0.18127168715000153,-0.20663653314113617,-0.3297119736671448,0.5725345611572266,0.10185246914625168,-0.009655493311583996,-0.015748124569654465,0.34727030992507935,-0.10216472297906876,0.0013943146914243698,0.016889888793230057,0.3627643883228302,0.10671395063400269,0.049970805644989014,-0.05175507441163063,0.18766310811042786,-0.10540258139371872,0.14444191753864288,-0.05640856921672821,0.1709924042224884,0.13141226768493652,0.3057710528373718,0.14847992360591888,0.04498327523469925,-0.06209028884768486,0.44579991698265076,0.14879293739795685,0.059603702276945114,0.1311408430337906,0.3212948739528656,0.1606040596961975,0.017906872555613518,-0.050704244524240494,0.46494293212890625,0.16787230968475342,0.032320018857717514,0.1549873799085617,0.3278219997882843,-0.019744670018553734,0.04840095713734627,-0.07095377147197723,0.5176020860671997,0.0006351186311803758,0.059369560331106186,9,0.375,0.431422621011734,0.8552500009536743,2.0232600661529432e-07,,0.44063374400138855,0.8359043002128601,-0.004687512759119272,,0.4550786018371582,0.825745701789856,-0.010376780293881893,,0.46874749660491943,0.8278741240501404,-0.014998623169958591,,0.4793348014354706,0.8342694640159607,-0.020013678818941116,,0.4524204730987549,0.8218845725059509,-0.01925787329673767,,0.4713137745857239,0.8236337304115295,-0.02738356962800026,,0.48405930399894714,0.8285406827926636,-0.03172443062067032,,0.49361199140548706,0.8339542150497437,-0.03417675197124481,,0.4502531588077545,0.8385093808174133,-0.020540237426757812,,0.4716397523880005,0.8433663249015808,-0.02810760959982872,,0.4855431914329529,0.8493914008140564,-0.030776388943195343,,0.4957111179828644,0.8556750416755676,-0.03262137249112129,,0.44901323318481445,0.8573084473609924,-0.02134411223232746,,0.4699206054210663,0.8632345199584961,-0.02784230001270771,,0.48259562253952026,0.8680537939071655,-0.0287771075963974,,0.4920516908168793,0.872959554195404,-0.029138604179024696,,0.4485129714012146,0.8761496543884277,-0.022203754633665085,,0.46456119418144226,0.8823631405830383,-0.027141952887177467,,0.4757111370563507,0.8859266042709351,-0.027555815875530243,,0.48430851101875305,0.8902624845504761,-0.027507644146680832,,,,,,,,,,,,,,,,,,,,,,,,,,,,,,,,,,,,,,,,,,,,,,,,,,,,,,,,,,,,,,,,,,,,,,,,,,,,,,,,,,,,,
-0.11710686981678009,-0.5976512432098389,-0.24954715371131897,0.998798131942749,-0.10204273462295532,-0.6382967233657837,-0.24853119254112244,0.9979090690612793,-0.10257472842931747,-0.6379737854003906,-0.25019392371177673,0.9980762004852295,-0.10226007550954819,-0.6379766464233398,-0.24799688160419464,0.9978967308998108,-0.13569259643554688,-0.6379539966583252,-0.2409738153219223,0.9977450966835022,-0.1336582899093628,-0.6386337280273438,-0.2418236881494522,0.99794602394104,-0.13436897099018097,-0.6376557350158691,-0.23768725991249084,0.9976629018783569,-0.0029819002375006676,-0.6389619708061218,-0.17672514915466309,0.9979351758956909,-0.1418854147195816,-0.6334875822067261,-0.1224941611289978,0.9966821074485779,-0.08034844696521759,-0.5740638971328735,-0.2301584780216217,0.9991695284843445,-0.12113431841135025,-0.5707449913024902,-0.2129807472229004,0.9989633560180664,0.13229256868362427,-0.4599089026451111,-0.13229455053806305,0.9986472129821777,-0.18150292336940765,-0.4456614851951599,-0.018520822748541832,0.9988988041877747,0.19303470849990845,-0.2300165295600891,-0.15748144686222076,0.9382139444351196,-0.23013447225093842,-0.22710658609867096,-0.09479447454214096,0.7864008545875549,-0.026576654985547066,-0.14021438360214233,-0.24846281111240387,0.6836543083190918,-0.21442167460918427,-0.2625897526741028,-0.3037535548210144,0.6409246325492859,-0.09484056383371353,-0.11323321610689163,-0.28388717770576477,0.6295821666717529,-0.20414867997169495,-0.2742355465888977,-0.35556867718696594,0.601726770401001,-0.12338169664144516,-0.1519254893064499,-0.2823949158191681,0.6680434346199036,-0.2062157243490219,-0.3134228587150574,-0.34021008014678955,0.6262766122817993,-0.056923750787973404,-0.15273849666118622,-0.250653475522995,0.6443271636962891,-0.2048352062702179,-0.2777348756790161,-0.3054126799106598,0.6048769950866699,0.10240934044122696,-0.010181194171309471,-0.01894296705722809,0.3669908344745636,-0.10286322236061096,0.002146951388567686,0.019780034199357033,0.37859630584716797,0.106449194252491,0.03217802569270134,-0.04880150035023689,0.1760869324207306,-0.1200140193104744,0.13139708340168,-0.03385381028056145,0.15871214866638184,0.130659282207489,0.2853599488735199,0.1677974909543991,0.04226655885577202,-0.07576265931129456,0.43474212288856506,0.20614385604858398,0.05493113771080971,0.1306038647890091,0.2980302572250366,0.18080969154834747,0.01697797328233719,-0.0644514411687851,0.4534313380718231,0.22912663221359253,0.03015354834496975,0.14554589986801147,0.29977521300315857,-0.011655670590698719,0.045468393713235855,-0.09304506331682205,0.5140758156776428,0.05037088319659233,0.054978445172309875,10,0.417,0.4175151586532593,0.7968016266822815,-4.617965032593929e-08,,0.42977675795555115,0.758203387260437,-0.004540306981652975,,0.45717793703079224,0.7306821346282959,-0.011453344486653805,,0.48424336314201355,0.7383729219436646,-0.018799370154738426,,0.5009114146232605,0.7597129344940186,-0.025184810161590576,,0.4632427990436554,0.6883994340896606,-0.011279458180069923,,0.4957045018672943,0.7203010320663452,-0.02241712249815464,,0.49266383051872253,0.7490466237068176,-0.029755685478448868,,0.48251932859420776,0.761393666267395,-0.03437751531600952,,0.46109962463378906,0.7146032452583313,-0.015528547577559948,,0.49118974804878235,0.7510205507278442,-0.023560654371976852,,0.4874705672264099,0.7749959230422974,-0.02583830989897251,,0.4794502556324005,0.7814948558807373,-0.02801196649670601,,0.4590859115123749,0.7479720115661621,-0.02043088711798191,,0.48519009351730347,0.7812566757202148,-0.02696087583899498,,0.48125913739204407,0.8028284311294556,-0.02286168932914734,,0.4728900194168091,0.8101181387901306,-0.019956525415182114,,0.45712000131607056,0.7839919328689575,-0.026136940345168114,,0.4797283709049225,0.8069359064102173,-0.028059327974915504,,0.4758698642253876,0.8227412700653076,-0.02251797914505005,,0.4689975082874298,0.8292705416679382,-0.018466444686055183,,,,,,,,,,,,,,,,,,,,,,,,,,,,,,,,,,,,,,,,,,,,,,,,,,,,,,,,,,,,,,,,,,,,,,,,,,,,,,,,,,,,,
-0.12356983125209808,-0.6020737886428833,-0.23152311146259308,0.9989027976989746,-0.10830909013748169,-0.6432965993881226,-0.23006531596183777,0.9980873465538025,-0.1088998094201088,-0.6429269909858704,-0.2317492514848709,0.9982351064682007,-0.1086125373840332,-0.6429466605186462,-0.22946509718894958,0.9980703592300415,-0.14114904403686523,-0.6425217390060425,-0.2225213646888733,0.997944176197052,-0.1391320377588272,-0.6431024670600891,-0.22344842553138733,0.9981264472007751,-0.13983023166656494,-0.6420915126800537,-0.21930257976055145,0.9978717565536499,-0.008228861726820469,-0.6418572664260864,-0.16072316467761993,0.9981166124343872,-0.1438862532377243,-0.6349480152130127,-0.10417547821998596,0.9969913959503174,-0.0861634910106659,-0.5771270990371704,-0.21354129910469055,0.9992423057556152,-0.1261138916015625,-0.5733288526535034,-0.19582927227020264,0.9990572929382324,0.12764839828014374,-0.4592092037200928,-0.12570276856422424,0.998751163482666,-0.1831362247467041,-0.44514355063438416,-0.004074143711477518,0.9989825487136841,0.18568511307239532,-0.23336441814899445,-0.18587626516819,0.9441774487495422,-0.23850637674331665,-0.227372407913208,-0.0847979262471199,0.8048426508903503,-0.04961937293410301,-0.20616459846496582,-0.2902681529521942,0.7148016691207886,-0.21591685712337494,-0.29041653871536255,-0.2941526174545288,0.6750959753990173,-0.12137563526630402,-0.197698712348938,-0.32841163873672485,0.6635616421699524,-0.20273195207118988,-0.31150302290916443,-0.3459216058254242,0.6351317167282104,-0.14525066316127777,-0.24277572333812714,-0.31340542435646057,0.6980769038200378,-0.2064214050769806,-0.35434406995773315,-0.3222920000553131,0.6572996973991394,-0.07839544117450714,-0.22474238276481628,-0.28829425573349,0.6758394837379456,-0.20673973858356476,-0.30885639786720276,-0.292752742767334,0.6364105939865112,0.10329248756170273,-0.010793053545057774,-0.02072598785161972,0.3736792504787445,-0.10365156829357147,0.002674614544957876,0.02158091962337494,0.3832605481147766,0.11095967143774033,-0.03652789071202278,-0.05260501056909561,0.16266967356204987,-0.12752115726470947,0.07718482613563538,-0.03561967611312866,0.14635898172855377,0.14038117229938507,0.2123703509569168,0.17962633073329926,0.03922175616025925,-0.08013200014829636,0.4011523127555847,0.2119038701057434,0.050453659147024155,0.1409132033586502,0.22186680138111115,0.19531658291816711,0.015953408554196358,-0.06827681511640549,0.4173813760280609,0.23773515224456787,0.02811788022518158,0.1531529426574707,0.20413850247859955,-0.012076493352651596,0.04229138046503067,-0.09964600950479507,0.4700711667537689,0.046932242810726166,0.05080266296863556,11,0.458,0.41906920075416565,0.7388812899589539,-4.721867341572761e-08,,0.4300336539745331,0.6979776620864868,-0.002130082342773676,,0.45703792572021484,0.6661892533302307,-0.00864696130156517,,0.48352378606796265,0.6677510738372803,-0.01556797418743372,,0.49951180815696716,0.6834549307823181,-0.021087119355797768,,0.4597327411174774,0.6159183382987976,-0.009883882477879524,,0.4932623505592346,0.6389541625976562,-0.020407086238265038,,0.49218255281448364,0.6618629097938538,-0.02730415388941765,,0.48267093300819397,0.6709388494491577,-0.03150523453950882,,0.45905226469039917,0.6415836215019226,-0.014808472245931625,,0.49286380410194397,0.6662569046020508,-0.02189757488667965,,0.4902206361293793,0.6833866834640503,-0.023737609386444092,,0.48095861077308655,0.68772292137146,-0.02571849338710308,,0.45893844962120056,0.674278974533081,-0.020239559933543205,,0.49088308215141296,0.6976962089538574,-0.024720383808016777,,0.48658478260040283,0.7099912762641907,-0.02160484530031681,,0.4765534996986389,0.710412859916687,-0.02002045512199402,,0.458326131105423,0.7103458642959595,-0.026270268484950066,,0.48525363206863403,0.7254335284233093,-0.026232317090034485,,0.48119181394577026,0.7344163656234741,-0.02178797870874405,,0.47296449542045593,0.7342255711555481,-0.01915103755891323,,0.580437421798706,0.8520535826683044,-1.6368178989978333e-07,,0.542232096195221,0.8047696948051453,0.005619081202894449,,0.5070480704307556,0.804649829864502,0.006011998746544123,,0.49148958921432495,0.836097776889801,0.003998888656497002,,0.48947873711586,0.8737826943397522,0.001494611264206469,,0.4907207787036896,0.7750281691551208,0.006022210232913494,,0.46982601284980774,0.8423008322715759,-0.0006129828980192542,,0.481291264295578,0.8530135750770569,-0.00673117209225893,,0.49290549755096436,0.8420729041099548,-0.01032550260424614,,0.4885990619659424,0.8153150677680969,-7.476560131181031e-05,,0.47201165556907654,0.8741744160652161,-0.0032509276643395424,,0.48418161273002625,0.8834445476531982,-0.006544070318341255,,0.4950561821460724,0.8715584874153137,-0.00907689519226551,,0.49263742566108704,0.8588237762451172,-0.006256022956222296,,0.47725626826286316,0.9105504155158997,-0.007820989936590195,,0.49079036712646484,0.9165453314781189,-0.006730602588504553,,0.49964243173599243,0.9032073616981506,-0.006899404339492321,,0.5007874965667725,0.9018643498420715,-0.012211923487484455,,0.49036577343940735,0.9413397312164307,-0.013376866467297077,,0.5036408305168152,0.9403764605522156,-0.009895839728415012,,0.5121064186096191,0.9268843531608582,-0.006879933178424835,
-0.11978806555271149,-0.6012146472930908,-0.23244859278202057,0.9989834427833557,-0.10545988380908966,-0.6431362628936768,-0.23035019636154175,0.9982243180274963,-0.10604609549045563,-0.6427455544471741,-0.23211705684661865,0.9983537197113037,-0.10572925955057144,-0.6427696347236633,-0.22981421649456024,0.9981988072395325,-0.13835380971431732,-0.6416022181510925,-0.22400228679180145,0.9981008172035217,-0.13633888959884644,-0.6421518325805664,-0.22484098374843597,0.9982669353485107,-0.13700523972511292,-0.6411163806915283,-0.22074058651924133,0.9980382919311523,-0.008875698782503605,-0.6416059136390686,-0.15924091637134552,0.9982605576515198,-0.14374226331710815,-0.6329042315483093,-0.10780533403158188,0.9972525835037231,-0.08315459638834,-0.576701819896698,-0.21391430497169495,0.9993002414703369,-0.12320632487535477,-0.5719621777534485,-0.19763213396072388,0.9991339445114136,0.12678232789039612,-0.4584428071975708,-0.12086357176303864,0.9988381862640381,-0.1828669309616089,-0.44146785140037537,-0.014450669288635254,0.9990515112876892,0.17725107073783875,-0.24015507102012634,-0.1970810890197754,0.949442982673645,-0.23999980092048645,-0.22710902988910675,-0.09122424572706223,0.8223587870597839,-0.05456738546490669,-0.23788027465343475,-0.3110550045967102,0.7425792217254639,-0.2184639424085617,-0.3083600103855133,-0.2942466139793396,0.7062362432479858,-0.12668441236019135,-0.2360977828502655,-0.34783145785331726,0.6928879618644714,-0.20407411456108093,-0.33781349658966064,-0.34578490257263184,0.6664214134216309,-0.14667926728725433,-0.2819562554359436,-0.331861674785614,0.7237754464149475,-0.21063588559627533,-0.3831006586551666,-0.3223396837711334,0.6862971186637878,-0.08245307952165604,-0.2574816048145294,-0.3088790774345398,0.7025451064109802,-0.2104845643043518,-0.3286506235599518,-0.2934284508228302,0.6657399535179138,0.10406176745891571,-0.010834074579179287,-0.02073582075536251,0.3831009566783905,-0.10430805385112762,0.002722419099882245,0.02159825712442398,0.39126256108283997,0.11175708472728729,-0.035504236817359924,-0.05760890617966652,0.1528882384300232,-0.128859281539917,0.07684490084648132,-0.036043889820575714,0.13822375237941742,0.14240196347236633,0.2177148163318634,0.18252702057361603,0.036958761513233185,-0.0800904855132103,0.4088803827762604,0.2048979550600052,0.04702252149581909,0.1434248387813568,0.22860518097877502,0.19916579127311707,0.015297477133572102,-0.06832799315452576,0.4258197546005249,0.2308499813079834,0.02664751373231411,0.15661835670471191,0.2077651470899582,-0.011580160818994045,0.03996285796165466,-0.09919650107622147,0.4751143455505371,0.04315146803855896,0.04770755395293236,12,0.5,0.4212999641895294,0.6747729778289795,-2.316439484673083e-09,,0.43175527453422546,0.6374551653862,-0.0010013076243922114,,0.4554195702075958,0.6082033514976501,-0.006804324686527252,,0.47983518242836,0.6058374643325806,-0.013408472761511803,,0.4947906732559204,0.6200144290924072,-0.018722811713814735,,0.454094260931015,0.558994472026825,-0.007287917193025351,,0.4855593740940094,0.577472984790802,-0.016640976071357727,,0.4887697696685791,0.6002914905548096,-0.022944839671254158,,0.48463913798332214,0.6135073304176331,-0.026633836328983307,,0.4532804787158966,0.579233705997467,-0.012161283753812313,,0.48695847392082214,0.5986124873161316,-0.018674815073609352,,0.48774904012680054,0.6167670488357544,-0.020401401445269585,,0.48197442293167114,0.6245670318603516,-0.02185150980949402,,0.45295950770378113,0.6051468849182129,-0.017486853525042534,,0.48505035042762756,0.6236756443977356,-0.021227387711405754,,0.4839131236076355,0.6372328996658325,-0.018709369003772736,,0.4767719805240631,0.6400265693664551,-0.01728256605565548,,0.45303624868392944,0.6342662572860718,-0.023319413885474205,,0.47905072569847107,0.6455929279327393,-0.022685877978801727,,0.4775053858757019,0.6560001373291016,-0.018672866746783257,,0.47140756249427795,0.6583200693130493,-0.016271883621811867,,0.563336968421936,0.7764532566070557,-2.1421701035251317e-07,,0.5363836884498596,0.7308167815208435,0.007030382286757231,,0.5060344934463501,0.7222700715065002,0.008771316148340702,,0.48857390880584717,0.7449597120285034,0.007893462665379047,,0.4821997880935669,0.7740496397018433,0.0065840440802276134,,0.4925360679626465,0.6908820271492004,0.008985158056020737,,0.4702000319957733,0.7468008399009705,0.004699439741671085,,0.48075976967811584,0.7586968541145325,1.5839983461773954e-05,,0.491283118724823,0.7508470416069031,-0.0028063347563147545,,0.48710760474205017,0.7190662026405334,0.0031570151913911104,,0.46981319785118103,0.7680593132972717,0.0016816993011161685,,0.4804973304271698,0.7796902060508728,-0.0013072732836008072,,0.49077340960502625,0.7725456357002258,-0.00372704048641026,,0.48617884516716003,0.7520119547843933,-0.002599938539788127,,0.4702628552913666,0.7934703826904297,-0.0025754489470273256,,0.48134779930114746,0.8042575716972351,-0.0025843337643891573,,0.48985016345977783,0.7960211634635925,-0.0036310211289674044,,0.4876024127006531,0.7864043116569519,-0.00804284866899252,,0.47612470388412476,0.8211608529090881,-0.007787709124386311,,0.4861109256744385,0.8284274339675903,-0.00554862804710865,,0.49402445554733276,0.8229722380638123,-0.003684761468321085,
-0.11903276294469833,-0.5951903462409973,-0.2181571125984192,0.9990518689155579,-0.10618267208337784,-0.6385762691497803,-0.2169615477323532,0.9983425736427307,-0.10678361356258392,-0.638163685798645,-0.21871767938137054,0.9984568953514099,-0.10647746175527573,-0.6382115483283997,-0.2163722962141037,0.9983132481575012,-0.1386733502149582,-0.6360201239585876,-0.21056653559207916,0.9982323050498962,-0.13667257130146027,-0.6365715861320496,-0.21140076220035553,0.9983831644058228,-0.1373029351234436,-0.6354873776435852,-0.20731833577156067,0.9981783032417297,-0.011151869781315327,-0.6412501931190491,-0.14848338067531586,0.9983872175216675,-0.14376690983772278,-0.6304745674133301,-0.09662584215402603,0.997474730014801,-0.08222514390945435,-0.5729060173034668,-0.2004621922969818,0.999349057674408,-0.12186937034130096,-0.5671486258506775,-0.1838974952697754,0.9991970658302307,0.12589170038700104,-0.45781686902046204,-0.10757637023925781,0.9989179968833923,-0.18245120346546173,-0.4388890862464905,-0.005618882365524769,0.9991083145141602,0.16771061718463898,-0.23841843008995056,-0.19365420937538147,0.9542215466499329,-0.23351456224918365,-0.2254282832145691,-0.08132278919219971,0.838199257850647,-0.04622861370444298,-0.2630899250507355,-0.31297048926353455,0.7678095102310181,-0.23128047585487366,-0.32177814841270447,-0.27611202001571655,0.7345708608627319,-0.11370354890823364,-0.2692126929759979,-0.3484326899051666,0.7205204963684082,-0.22321109473705292,-0.35604575276374817,-0.3222213685512543,0.6956830024719238,-0.12703073024749756,-0.3173848092556,-0.33431366086006165,0.7482268214225769,-0.2365531176328659,-0.4019361138343811,-0.3009834587574005,0.7135943174362183,-0.0707351565361023,-0.28554320335388184,-0.31164586544036865,0.7281976938247681,-0.2267255038022995,-0.34359484910964966,-0.2752208411693573,0.6937362551689148,0.10415010899305344,-0.010819245129823685,-0.021214310079813004,0.39096948504447937,-0.10436978191137314,0.0027349554002285004,0.02206171117722988,0.3968430757522583,0.11065509915351868,-0.028466040268540382,-0.067568339407444,0.1440025418996811,-0.13287949562072754,0.080609530210495,-0.03980228677392006,0.1316196471452713,0.1411668360233307,0.22589042782783508,0.18016183376312256,0.035072389990091324,-0.08155082911252975,0.41149669885635376,0.19943125545978546,0.04411770775914192,0.1424437314271927,0.23677432537078857,0.1965748369693756,0.014721068553626537,-0.0696292296051979,0.428741455078125,0.22474664449691772,0.025418315082788467,0.15460313856601715,0.21558529138565063,-0.018466880545020103,0.03803492337465286,-0.10073741525411606,0.4775027632713318,0.04213343560695648,0.04512479156255722,13,0.542,0.4200606644153595,0.6467381715774536,-1.4980682294662984e-07,,0.4356098771095276,0.6126030683517456,0.0009987620869651437,,0.4558064043521881,0.5818101763725281,-0.003121376968920231,,0.47456425428390503,0.5718502402305603,-0.009043680503964424,,0.48921307921409607,0.5769155025482178,-0.01360499020665884,,0.45288777351379395,0.5232328772544861,0.000746045378036797,,0.4856651723384857,0.5446892380714417,-0.006762863602489233,,0.47963812947273254,0.5594956278800964,-0.013304177671670914,,0.46850159764289856,0.5610792636871338,-0.018398843705654144,,0.4512549936771393,0.5352162718772888,-0.005210740491747856,,0.48505163192749023,0.5613073706626892,-0.010203172452747822,,0.47721847891807556,0.5723158121109009,-0.01252516359090805,,0.46741920709609985,0.5712228417396545,-0.015262067317962646,,0.450253427028656,0.5549570322036743,-0.011743465438485146,,0.4812285900115967,0.5787078142166138,-0.013873049058020115,,0.473613440990448,0.5881673693656921,-0.011832281947135925,,0.4633336663246155,0.5858550667762756,-0.011846373789012432,,0.45013171434402466,0.578782856464386,-0.019017262384295464,,0.47423315048217773,0.5956761240959167,-0.018056707456707954,,0.468313604593277,0.6043106913566589,-0.014974614605307579,,0.4590566158294678,0.6027400493621826,-0.013825022615492344,,0.5564943552017212,0.7261728048324585,-2.745599658737774e-07,,0.535022497177124,0.6897793412208557,0.008250683546066284,,0.5074134469032288,0.6788032650947571,0.008826610632240772,,0.4885304570198059,0.6940469145774841,0.006165993865579367,,0.47875913977622986,0.7156050801277161,0.0034836363047361374,,0.49215903878211975,0.6453530788421631,0.0093644754961133,,0.4693041443824768,0.6929884552955627,0.004242876078933477,,0.4815748333930969,0.7043392062187195,-0.0010610586032271385,,0.49274250864982605,0.6977534294128418,-0.004303949885070324,,0.48639827966690063,0.6644350290298462,0.002117298310622573,,0.4696298837661743,0.7117397785186768,0.0001669009361648932,,0.4804880619049072,0.7196306586265564,-0.0021103916224092245,,0.48984599113464355,0.7092269659042358,-0.004439760930836201,,0.4842492938041687,0.689013659954071,-0.005093055311590433,,0.46815386414527893,0.7288391590118408,-0.0047692968510091305,,0.4792488217353821,0.7360074520111084,-0.002809549681842327,,0.486667662858963,0.723656177520752,-0.003054457250982523,,0.48282983899116516,0.7152609825134277,-0.01208857074379921,,0.4701524078845978,0.745132327079773,-0.010746999643743038,,0.4791579842567444,0.7488160729408264,-0.006895778235048056,,0.48568016290664673,0.7400888204574585,-0.004356272052973509,
-0.12084416300058365,-0.5912377238273621,-0.21035917103290558,0.9991087913513184,-0.10819176584482193,-0.6349003911018372,-0.2091647982597351,0.9984391331672668,-0.10876636952161789,-0.6344932913780212,-0.21078477799892426,0.9985364675521851,-0.10848630964756012,-0.6345496773719788,-0.20845484733581543,0.9984026551246643,-0.1408451348543167,-0.6321864724159241,-0.20303970575332642,0.9983483552932739,-0.13882777094841003,-0.6327401995658875,-0.20399053394794464,0.9984861016273499,-0.13945165276527405,-0.6316279768943787,-0.199956014752388,0.9983046650886536,-0.014267726801335812,-0.641023576259613,-0.13829360902309418,0.9984859824180603,-0.14735500514507294,-0.6298838257789612,-0.08788326382637024,0.9976723194122314,-0.08421096205711365,-0.5706355571746826,-0.19135555624961853,0.9993828535079956,-0.12373106926679611,-0.5646801590919495,-0.17537741363048553,0.9992485046386719,0.12207813560962677,-0.4590303599834442,-0.09404026716947556,0.9989730715751648,-0.1839882731437683,-0.4389249384403229,0.0018916537519544363,0.9991609454154968,0.14912095665931702,-0.23875266313552856,-0.19109205901622772,0.9584910869598389,-0.2303435504436493,-0.2250639647245407,-0.07947428524494171,0.8527454733848572,-0.05146293342113495,-0.27769649028778076,-0.30543461441993713,0.7905439138412476,-0.23824547231197357,-0.32717418670654297,-0.2744717001914978,0.7601596713066101,-0.11473897099494934,-0.2896486222743988,-0.3420501947402954,0.7454857230186462,-0.2353399395942688,-0.36507448554039,-0.32057979702949524,0.7221206426620483,-0.12470129877328873,-0.33922940492630005,-0.33081427216529846,0.7703505158424377,-0.25111982226371765,-0.4098040759563446,-0.30241045355796814,0.7382093667984009,-0.07357309758663177,-0.30221885442733765,-0.30583515763282776,0.7515138387680054,-0.23557955026626587,-0.3494066596031189,-0.27462461590766907,0.719163179397583,0.10427439212799072,-0.011236255057156086,-0.021173885092139244,0.40337592363357544,-0.10462747514247894,0.003296660492196679,0.021984748542308807,0.40961429476737976,0.11083997040987015,-0.023136338219046593,-0.06672418862581253,0.1340111494064331,-0.13107703626155853,0.10114453732967377,-0.04125266522169113,0.12356690317392349,0.14269064366817474,0.22690421342849731,0.1776103973388672,0.03277885913848877,-0.0818866565823555,0.42816436290740967,0.19663093984127045,0.040946103632450104,0.1443067193031311,0.2369270920753479,0.1937362253665924,0.013932827860116959,-0.0703379362821579,0.4466785192489624,0.22147832810878754,0.023869454860687256,0.15919461846351624,0.22517798840999603,-0.015580223873257637,0.0357479602098465,-0.10049737244844437,0.5042489767074585,0.04146094620227814,0.04222400486469269,14,0.583,0.41952937841415405,0.6242607235908508,-1.0677961626015531e-07,,0.44987571239471436,0.6034932136535645,0.003797133918851614,,0.46585583686828613,0.583646833896637,0.00131809595040977,,0.4777522385120392,0.5721098184585571,-0.0037487135268747807,,0.48732617497444153,0.5610467195510864,-0.0073174298740923405,,0.45206961035728455,0.5146228075027466,0.0038440190255641937,,0.4808712601661682,0.5352057814598083,-0.0032812943682074547,,0.4734707772731781,0.558464527130127,-0.008873993530869484,,0.4647396206855774,0.565070629119873,-0.012689325027167797,,0.4469248354434967,0.5183403491973877,-0.0026531475596129894,,0.48010730743408203,0.5465017557144165,-0.008702917024493217,,0.4710758924484253,0.5680066347122192,-0.010286507196724415,,0.4619978070259094,0.5733634233474731,-0.011164489202201366,,0.44405364990234375,0.5307509303092957,-0.009648248553276062,,0.47487232089042664,0.5591009855270386,-0.013169297017157078,,0.46610429883003235,0.577004611492157,-0.010524227283895016,,0.4562675952911377,0.5813290476799011,-0.008751669898629189,,0.44303226470947266,0.5484435558319092,-0.016984716057777405,,0.4665745496749878,0.567973256111145,-0.017491279169917107,,0.46144360303878784,0.5810046195983887,-0.014596040360629559,,0.45390549302101135,0.5832603573799133,-0.012527509592473507,,0.5498008728027344,0.6951908469200134,-3.5873890169568767e-07,,0.5235300660133362,0.6725305318832397,0.011316405609250069,,0.4990170896053314,0.6617850065231323,0.011821978725492954,,0.48103004693984985,0.6667699217796326,0.007590768858790398,,0.4689956307411194,0.6786690950393677,0.003357394365593791,,0.4827491343021393,0.6154165863990784,0.015232124365866184,,0.4542367160320282,0.6521899700164795,0.006638742983341217,,0.46703556180000305,0.6710025072097778,-0.0011919473763555288,,0.48192235827445984,0.6737304925918579,-0.005192710552364588,,0.4806724786758423,0.6242302060127258,0.00543231749907136,,0.4578448235988617,0.6727690696716309,-0.0007426841766573489,,0.4730776846408844,0.6882845163345337,-0.004619621206074953,,0.4866812825202942,0.6841369867324829,-0.006728846114128828,,0.48081159591674805,0.6405936479568481,-0.0047986810095608234,,0.45975396037101746,0.6878417730331421,-0.00904034823179245,,0.47606390714645386,0.7030650973320007,-0.007516928017139435,,0.48855093121528625,0.695148766040802,-0.006369733717292547,,0.4810512363910675,0.6620261073112488,-0.014533295296132565,,0.4623074531555176,0.6988280415534973,-0.015551691874861717,,0.4750559628009796,0.7113677263259888,-0.011328457854688168,,0.48605772852897644,0.7059707641601562,-0.007650848478078842,
-0.12288786470890045,-0.5841869711875916,-0.20128165185451508,0.9991611838340759,-0.11071334779262543,-0.628455638885498,-0.20083215832710266,0.9985308051109314,-0.11128471791744232,-0.628039538860321,-0.20241916179656982,0.9986151456832886,-0.11102573573589325,-0.6281028985977173,-0.20006006956100464,0.9984911680221558,-0.14310556650161743,-0.6252976655960083,-0.19398459792137146,0.9984513521194458,-0.14108653366565704,-0.6258488893508911,-0.1949891746044159,0.9985758066177368,-0.1417095810174942,-0.624710738658905,-0.19094377756118774,0.9984143376350403,-0.01577848382294178,-0.6403887271881104,-0.1327558308839798,0.9985841512680054,-0.14794689416885376,-0.6264562010765076,-0.0785781741142273,0.9978485703468323,-0.08533252030611038,-0.5653499960899353,-0.1831130087375641,0.9994178414344788,-0.12449800968170166,-0.5588772296905518,-0.16600146889686584,0.9992959499359131,0.12157292664051056,-0.45927172899246216,-0.08949454128742218,0.9990342855453491,-0.1834644079208374,-0.43694403767585754,0.010894175618886948,0.9992116689682007,0.14181074500083923,-0.2375776320695877,-0.1886376589536667,0.9623821973800659,-0.22808252274990082,-0.2245379388332367,-0.0716862604022026,0.8659816980361938,-0.056915879249572754,-0.278166264295578,-0.30226629972457886,0.8110849261283875,-0.24115796387195587,-0.33101338148117065,-0.2652663588523865,0.7833119034767151,-0.11986789107322693,-0.28924205899238586,-0.33964020013809204,0.7682340145111084,-0.24011418223381042,-0.369231641292572,-0.31068089604377747,0.7461336851119995,-0.12904655933380127,-0.3377183973789215,-0.32854166626930237,0.7905216813087463,-0.2553170919418335,-0.41434216499328613,-0.29309895634651184,0.7605610489845276,-0.07864012569189072,-0.30216968059539795,-0.3027271330356598,0.7728720307350159,-0.2386128157377243,-0.35365161299705505,-0.2659737467765808,0.7424433827400208,0.10432078689336777,-0.011400131508708,-0.021470408886671066,0.4147922098636627,-0.10470040887594223,0.003647805657237768,0.02220224030315876,0.42014726996421814,0.1102692261338234,-0.024372106418013573,-0.06902682781219482,0.12400355935096741,-0.1317988783121109,0.10019645094871521,-0.0417204275727272,0.11503822356462479,0.14252319931983948,0.23033225536346436,0.17084214091300964,0.0305773988366127,-0.08151105046272278,0.431768000125885,0.1948283165693283,0.037832438945770264,0.14414434134960175,0.24048161506652832,0.18532536923885345,0.013168222270905972,-0.0700814500451088,0.4509434700012207,0.21949028968811035,0.022371722385287285,0.15824030339717865,0.2278013974428177,-0.02242874912917614,0.03346528857946396,-0.10037891566753387,0.5066397786140442,0.038412537425756454,0.0392603799700737,15,0.625,0.42140334844589233,0.6236861944198608,-1.1661326482226286e-07,,0.45005181431770325,0.6061196327209473,0.0024296229239553213,,0.46519935131073,0.5864204168319702,-0.00034361399593763053,,0.47680163383483887,0.5757343769073486,-0.005152249243110418,,0.48607873916625977,0.5628501176834106,-0.008542289026081562,,0.4510914087295532,0.5155647993087769,0.002466240432113409,,0.4793180525302887,0.5391433835029602,-0.00490714842453599,,0.47237300872802734,0.5624288320541382,-0.010681006126105785,,0.46315836906433105,0.5664077997207642,-0.014710093848407269,,0.44597184658050537,0.5202264785766602,-0.0034021842293441296,,0.47861194610595703,0.5496442914009094,-0.00975408498197794,,0.47011348605155945,0.5711262822151184,-0.01126067340373993,,0.46047303080558777,0.5742809772491455,-0.012284362688660622,,0.4428684115409851,0.5333361029624939,-0.009929523803293705,,0.4737570881843567,0.5620244145393372,-0.014171942137181759,,0.46535953879356384,0.58101886510849,-0.011598308570683002,,0.4551868438720703,0.584479033946991,-0.010012476705014706,,0.4413095712661743,0.5519317984580994,-0.016853345558047295,,0.4645655155181885,0.5715312957763672,-0.018567323684692383,,0.459224671125412,0.586649477481842,-0.016263343393802643,,0.4513787031173706,0.5901070833206177,-0.014632049016654491,,0.5514497756958008,0.698813796043396,-2.4647576424285944e-07,,0.5227505564689636,0.6883463859558105,0.010194837115705013,,0.5005878806114197,0.6828323006629944,0.011179558001458645,,0.48530834913253784,0.6920145750045776,0.007871158421039581,,0.4737917482852936,0.7051451802253723,0.004694452974945307,,0.4848255515098572,0.6231932640075684,0.018825065344572067,,0.4644761383533478,0.6733938455581665,0.013325758278369904,,0.47795283794403076,0.6864491105079651,0.005705789662897587,,0.48989561200141907,0.6806850433349609,0.0008427270804531872,,0.4811898469924927,0.6298871636390686,0.009861981496214867,,0.4618212878704071,0.6796641945838928,0.005451076198369265,,0.47664159536361694,0.692534327507019,0.0006352759664878249,,0.48815110325813293,0.6866673231124878,-0.0020794114097952843,,0.4798159897327423,0.6440864205360413,0.0005327428807504475,,0.45992565155029297,0.6907074451446533,-0.0018067635828629136,,0.4764513373374939,0.7035041451454163,-0.0007132344762794673,,0.4875549077987671,0.6936397552490234,3.6208853089192417e-06,,0.47937458753585815,0.6633151769638062,-0.008641518652439117,,0.46143820881843567,0.7002736926078796,-0.009457520209252834,,0.47511306405067444,0.7117785811424255,-0.00589428236708045,,0.4862333834171295,0.7055400013923645,-0.0025077275931835175,
-0.1264452487230301,-0.5829264521598816,-0.1979798525571823,0.9992088079452515,-0.11545304208993912,-0.6273764371871948,-0.19747591018676758,0.9986156225204468,-0.11602498590946198,-0.6269622445106506,-0.19911247491836548,0.998687744140625,-0.11576256901025772,-0.6270338296890259,-0.19676566123962402,0.9985726475715637,-0.14750748872756958,-0.6239855885505676,-0.19054347276687622,0.9985460042953491,-0.14549721777439117,-0.624570369720459,-0.1914670616388321,0.9986585378646851,-0.14609210193157196,-0.6234375834465027,-0.18742088973522186,0.9985155463218689,-0.020105978474020958,-0.640350878238678,-0.13019275665283203,0.9986708164215088,-0.15072377026081085,-0.6255879998207092,-0.07557202130556107,0.9980078935623169,-0.08810434490442276,-0.5644598603248596,-0.18029296398162842,0.9994478821754456,-0.12675675749778748,-0.5576838850975037,-0.1630484014749527,0.9993367791175842,0.11952409893274307,-0.46043360233306885,-0.08786142617464066,0.9990859031677246,-0.18311463296413422,-0.4352695345878601,0.013113781809806824,0.9992513656616211,0.1397709995508194,-0.23965586721897125,-0.18697531521320343,0.9657872915267944,-0.2279733121395111,-0.22263610363006592,-0.06708497554063797,0.8773144483566284,-0.0603644996881485,-0.2790192663669586,-0.30230513215065,0.8294016718864441,-0.24554726481437683,-0.32981228828430176,-0.26079675555229187,0.8038038611412048,-0.12423773109912872,-0.28875401616096497,-0.33949464559555054,0.7881346940994263,-0.2449537068605423,-0.36815932393074036,-0.30531585216522217,0.7669788002967834,-0.13434547185897827,-0.3371528685092926,-0.3277667760848999,0.8081279397010803,-0.2614886164665222,-0.4137047827243805,-0.28844547271728516,0.7800132632255554,-0.08257321268320084,-0.30244210362434387,-0.3024899959564209,0.7912887930870056,-0.243662491440773,-0.3525257706642151,-0.2616446018218994,0.7623125910758972,0.1042848452925682,-0.011816121637821198,-0.021538153290748596,0.4226423501968384,-0.10469647496938705,0.004063998814672232,0.022269172593951225,0.4267725348472595,0.10828060656785965,-0.02236947789788246,-0.06865652650594711,0.11625666171312332,-0.13133159279823303,0.1038709208369255,-0.042660605162382126,0.10911682993173599,0.14133109152317047,0.23130132257938385,0.17019976675510406,0.02897806465625763,-0.08186468482017517,0.43747302889823914,0.19370527565479279,0.0354839488863945,0.14305643737316132,0.2414887696504593,0.18477068841457367,0.012675403617322445,-0.07054867595434189,0.4561815559864044,0.21827976405620575,0.021313872188329697,0.15784762799739838,0.22689546644687653,-0.022461147978901863,0.03195378556847572,-0.10045862942934036,0.5108522176742554,0.03700915724039078,0.037241484969854355,16,0.667,0.4233989715576172,0.6258797645568848,-1.1623463080923102e-07,,0.4504779279232025,0.6100198030471802,0.0015007340116426349,,0.4657687246799469,0.5903352499008179,-0.0010991796152666211,,0.47783762216567993,0.5787994265556335,-0.005375784356147051,,0.48583781719207764,0.5659279823303223,-0.00823436863720417,,0.4513295888900757,0.5188599824905396,0.0018413049401715398,,0.4799826443195343,0.5437867641448975,-0.0055470773950219154,,0.47329118847846985,0.5677655935287476,-0.0110841179266572,,0.46418941020965576,0.5707398056983948,-0.014963209629058838,,0.4464843273162842,0.5230957865715027,-0.00343697564676404,,0.4791216254234314,0.5541082620620728,-0.009807541035115719,,0.4710152745246887,0.5759772062301636,-0.01102637592703104,,0.4617480933666229,0.5782755613327026,-0.011841571889817715,,0.44350120425224304,0.5360134840011597,-0.009475170634686947,,0.4739670157432556,0.5666140913963318,-0.014128918759524822,,0.4659664034843445,0.5862634778022766,-0.011715533211827278,,0.4563494026660919,0.589052677154541,-0.010165698826313019,,0.4419950544834137,0.5545353293418884,-0.01595091074705124,,0.4650547206401825,0.5768176913261414,-0.018083523958921432,,0.45963558554649353,0.5929580926895142,-0.01618466153740883,,0.45189642906188965,0.5963072776794434,-0.014804190024733543,,0.5431973934173584,0.6958615779876709,-3.8159990367603314e-07,,0.5199251770973206,0.6824922561645508,0.011592885479331017,,0.49653270840644836,0.6750025153160095,0.012522443197667599,,0.4791323244571686,0.68194180727005,0.008660971187055111,,0.4673082232475281,0.6957614421844482,0.0045111821964383125,,0.4761195778846741,0.6205102801322937,0.01705373451113701,,0.44841527938842773,0.6553491353988647,0.010822922922670841,,0.46118617057800293,0.6769105195999146,0.004037325270473957,,0.4765932857990265,0.6818802356719971,0.00023303624766413122,,0.47386935353279114,0.6266000866889954,0.007512879557907581,,0.4508320987224579,0.6759278774261475,0.0025391692761331797,,0.46592283248901367,0.6938309669494629,-0.0018559664022177458,,0.48059678077697754,0.6907961964607239,-0.004271568730473518,,0.4738977551460266,0.6420542001724243,-0.002286914037540555,,0.4523075520992279,0.6910696625709534,-0.0057987975887954235,,0.46881693601608276,0.7083432674407959,-0.00573844276368618,,0.48151275515556335,0.7004121541976929,-0.00562161672860384,,0.47342535853385925,0.6642155051231384,-0.01144745945930481,,0.45432838797569275,0.7035071849822998,-0.012143636122345924,,0.4674489498138428,0.7171385288238525,-0.008733401075005531,,0.47879764437675476,0.7115010023117065,-0.005700619891285896,
-0.1289180964231491,-0.5819178223609924,-0.19656041264533997,0.9992503523826599,-0.11784212291240692,-0.6262661218643188,-0.19612398743629456,0.9986891746520996,-0.11842010170221329,-0.6258487105369568,-0.19779029488563538,0.9987519979476929,-0.11815882474184036,-0.6259233951568604,-0.1954280585050583,0.9986453056335449,-0.14981745183467865,-0.6228395700454712,-0.18866154551506042,0.9986270666122437,-0.14781999588012695,-0.6234390735626221,-0.18955910205841064,0.99872887134552,-0.1484147608280182,-0.6223080158233643,-0.18550971150398254,0.9986016750335693,-0.021557187661528587,-0.640197217464447,-0.1297830492258072,0.998751163482666,-0.15174312889575958,-0.6244533061981201,-0.07316332310438156,0.9981462955474854,-0.09010246396064758,-0.5634626746177673,-0.1792849898338318,0.9994767904281616,-0.1285051703453064,-0.5566574931144714,-0.1614130139350891,0.9993738532066345,0.11903486400842667,-0.46042510867118835,-0.08902576565742493,0.9991386532783508,-0.18280744552612305,-0.43447914719581604,0.015595666132867336,0.9992914199829102,0.14042523503303528,-0.23939524590969086,-0.18585534393787384,0.9689198732376099,-0.2278212606906891,-0.2207893282175064,-0.061934418976306915,0.8876906633377075,-0.058478500694036484,-0.2773630917072296,-0.30085626244544983,0.8459739089012146,-0.24411171674728394,-0.3249225616455078,-0.2566666305065155,0.8223960399627686,-0.12229537218809128,-0.2865268290042877,-0.33786308765411377,0.8064064979553223,-0.24285538494586945,-0.3606240451335907,-0.3013966679573059,0.7861157655715942,-0.13253314793109894,-0.3352051377296448,-0.32683977484703064,0.8243237733840942,-0.25745850801467896,-0.40614721179008484,-0.2851693630218506,0.7978416681289673,-0.08083714544773102,-0.3007446527481079,-0.301179438829422,0.8083810210227966,-0.24138732254505157,-0.347040057182312,-0.2578756511211395,0.7808124423027039,0.10431093722581863,-0.011870158836245537,-0.02235908806324005,0.4319057762622833,-0.10471995919942856,0.00416643125936389,0.023081351071596146,0.43512535095214844,0.10768797248601913,-0.023737767711281776,-0.0724128857254982,0.10950547456741333,-0.13181978464126587,0.09588592499494553,-0.04485202580690384,0.10339510440826416,0.141304150223732,0.23095476627349854,0.16436973214149475,0.027506191283464432,-0.08021633327007294,0.4364413022994995,0.1929323375225067,0.033263567835092545,0.14305417239665985,0.24111352860927582,0.17880862951278687,0.012173984199762344,-0.06847366690635681,0.45501384139060974,0.2173488438129425,0.020357394590973854,0.15721149742603302,0.22488901019096375,-0.03003615140914917,0.030442386865615845,-0.09905808418989182,0.5073358416557312,0.035966236144304276,0.03521553799510002,17,0.709,0.4245606064796448,0.6289609670639038,-1.228954431553575e-07,,0.45130082964897156,0.6124457120895386,0.0015551724936813116,,0.46666717529296875,0.592758059501648,-0.0010384347988292575,,0.47888219356536865,0.5816821455955505,-0.005290655419230461,,0.4870844781398773,0.5687858462333679,-0.008177603594958782,,0.4517967104911804,0.5227550268173218,0.0012603747891262174,,0.48088014125823975,0.5474377274513245,-0.006235535256564617,,0.473957359790802,0.5722152590751648,-0.011639082804322243,,0.46469181776046753,0.5754998326301575,-0.015368038788437843,,0.44708284735679626,0.5274152755737305,-0.003999718464910984,,0.48000648617744446,0.5589333176612854,-0.01031565386801958,,0.4714982509613037,0.5811780095100403,-0.011271086521446705,,0.4621715843677521,0.5835467576980591,-0.011980284936726093,,0.4441741108894348,0.5407378673553467,-0.010002601891756058,,0.4748286008834839,0.5716850757598877,-0.014699664898216724,,0.4662246108055115,0.5916627645492554,-0.012087753973901272,,0.4563281238079071,0.5945910811424255,-0.010454130358994007,,0.44267386198043823,0.5595237016677856,-0.016421502456068993,,0.4661685526371002,0.5814300179481506,-0.018578778952360153,,0.46072885394096375,0.5976535081863403,-0.016589146107435226,,0.45286324620246887,0.6011006832122803,-0.015183771960437298,,0.5489439964294434,0.6967896223068237,-2.3173824104105734e-07,,0.5233105421066284,0.6885148286819458,0.005859832279384136,,0.5015400052070618,0.6863194108009338,0.004792960360646248,,0.48796138167381287,0.6979106068611145,0.00035344355273991823,,0.47793638706207275,0.7122936248779297,-0.00356991495937109,,0.48244863748550415,0.6236841082572937,0.014460290782153606,,0.4622373878955841,0.6751875877380371,0.006258119363337755,,0.47516199946403503,0.6869179606437683,-0.00316047016531229,,0.48769646883010864,0.6815099120140076,-0.008876422420144081,,0.47880983352661133,0.63084876537323,0.007292046677321196,,0.4581643044948578,0.6824427247047424,0.0002693183778319508,,0.4732664227485657,0.6938247084617615,-0.005502824205905199,,0.48534226417541504,0.6874977946281433,-0.00831599161028862,,0.4769781827926636,0.6452326774597168,-0.0007115236949175596,,0.45696431398391724,0.6941921710968018,-0.005144746974110603,,0.4732789993286133,0.7061923146247864,-0.004814191721379757,,0.48423874378204346,0.6967365741729736,-0.0038842991925776005,,0.47603386640548706,0.6644386649131775,-0.008931389078497887,,0.4592727720737457,0.7040249705314636,-0.010892614722251892,,0.4728207588195801,0.7148951292037964,-0.008065805770456791,,0.48348575830459595,0.7086670398712158,-0.004846517462283373,
-0.13521477580070496,-0.5818942189216614,-0.1957583725452423,0.9992900490760803,-0.12403147667646408,-0.6261810660362244,-0.19549717009067535,0.9987591505050659,-0.12459389865398407,-0.6257642507553101,-0.19711709022521973,0.9988129138946533,-0.12435618042945862,-0.6258381605148315,-0.19475474953651428,0.9987135529518127,-0.15575212240219116,-0.622776985168457,-0.18766313791275024,0.9987052083015442,-0.15374478697776794,-0.6233780384063721,-0.18862852454185486,0.9987974762916565,-0.15435239672660828,-0.6222493648529053,-0.1845846176147461,0.9986849427223206,-0.02601972594857216,-0.6401419639587402,-0.1302778273820877,0.9988241195678711,-0.15498018264770508,-0.6241826415061951,-0.07179243117570877,0.9982775449752808,-0.09539908915758133,-0.5632902383804321,-0.178959459066391,0.9995025992393494,-0.13344714045524597,-0.5564716458320618,-0.1605321168899536,0.999408483505249,0.11666084825992584,-0.46069568395614624,-0.09106966853141785,0.9991797804832458,-0.1830137073993683,-0.4332633316516876,0.01734296604990959,0.9993283152580261,0.13607953488826752,-0.23908214271068573,-0.1875048130750656,0.9717885851860046,-0.22924992442131042,-0.21898490190505981,-0.06075727194547653,0.8973108530044556,-0.06527320295572281,-0.27945810556411743,-0.30082324147224426,0.860977292060852,-0.24744059145450592,-0.3212481141090393,-0.2543700337409973,0.839224100112915,-0.12933337688446045,-0.28977224230766296,-0.3383322060108185,0.8230811357498169,-0.24679423868656158,-0.35593077540397644,-0.2990294396877289,0.8033312559127808,-0.13920904695987701,-0.33904653787612915,-0.32642748951911926,0.8391247987747192,-0.2606876492500305,-0.40130341053009033,-0.28318268060684204,0.8138876557350159,-0.08726140856742859,-0.30343517661094666,-0.3008153736591339,0.8240743279457092,-0.2445027381181717,-0.3431856334209442,-0.2558605670928955,0.7976403832435608,0.1042870283126831,-0.012178806588053703,-0.02318822778761387,0.44051429629325867,-0.1047234833240509,0.00461807195097208,0.023828482255339622,0.44401875138282776,0.10522837936878204,-0.02493232861161232,-0.07347704470157623,0.1019015684723854,-0.1330258846282959,0.09701092541217804,-0.04529817774891853,0.09679259359836578,0.14081844687461853,0.22865000367164612,0.1601308286190033,0.025771193206310272,-0.0802735984325409,0.4371003210544586,0.1924554407596588,0.03088896907866001,0.14265593886375427,0.23827438056468964,0.17406071722507477,0.011541281826794147,-0.06864266097545624,0.4559153616428375,0.21687693893909454,0.01920846663415432,0.15331391990184784,0.22226081788539886,-0.0317092202603817,0.028646115213632584,-0.10043927282094955,0.5075818300247192,0.034970980137586594,0.03294447809457779,18,0.75,0.4252270758152008,0.6323436498641968,-1.2452926512196427e-07,,0.4526495635509491,0.6152905225753784,0.0012120578903704882,,0.4684157967567444,0.5964819192886353,-0.0015641201753169298,,0.4804491102695465,0.5859122276306152,-0.005938548129051924,,0.4880257248878479,0.5720441937446594,-0.008848980069160461,,0.45255279541015625,0.5268355011940002,0.0009468651260249317,,0.4821108281612396,0.5518683791160583,-0.006845907773822546,,0.47472119331359863,0.5773558616638184,-0.012431013397872448,,0.4651172161102295,0.5807936191558838,-0.016242189332842827,,0.4480845332145691,0.5314109325408936,-0.0041678715497255325,,0.48161202669143677,0.5636472105979919,-0.010629082098603249,,0.47278398275375366,0.5863155126571655,-0.011647796258330345,,0.46359309554100037,0.5887480974197388,-0.012426765635609627,,0.44556307792663574,0.5448346138000488,-0.010071543045341969,,0.4769565165042877,0.5765825510025024,-0.01489716861397028,,0.4676840901374817,0.596781313419342,-0.012207085266709328,,0.45751696825027466,0.5999026894569397,-0.010505839250981808,,0.4446096122264862,0.5639169812202454,-0.016436167061328888,,0.468689888715744,0.5852339863777161,-0.018695075064897537,,0.4630732834339142,0.6010079383850098,-0.016691550612449646,,0.4551844596862793,0.6047455072402954,-0.01524338312447071,,0.5406038761138916,0.6914896965026855,-3.516597928410192e-07,,0.516344428062439,0.6692238450050354,0.010445346124470234,,0.49141842126846313,0.6574985384941101,0.010414659976959229,,0.47321391105651855,0.6613508462905884,0.005662474315613508,,0.4607904255390167,0.6749827265739441,0.0005503621068783104,,0.4713170528411865,0.6124926805496216,0.013773930259048939,,0.4347148835659027,0.6364500522613525,0.0054839677177369595,,0.4412989020347595,0.6608595252037048,-0.0011710599064826965,,0.45552995800971985,0.6700277328491211,-0.004377241246402264,,0.4700426161289215,0.6198828220367432,0.004403986036777496,,0.4427188038825989,0.6725545525550842,-0.003946762531995773,,0.45828336477279663,0.6913381814956665,-0.008608941920101643,,0.474885493516922,0.6869357824325562,-0.010272485204041004,,0.4715011715888977,0.637626051902771,-0.005377637222409248,,0.44938820600509644,0.6944190263748169,-0.01138863805681467,,0.4657320976257324,0.7098584771156311,-0.011484752409160137,,0.4797801077365875,0.699874758720398,-0.010803144425153732,,0.47234711050987244,0.6620461344718933,-0.014519037678837776,,0.45414483547210693,0.7074334621429443,-0.01713527925312519,,0.4681060314178467,0.7191023230552673,-0.014250561594963074,,0.4804728627204895,0.7105721235275269,-0.011065983213484287,
-0.13942746818065643,-0.5819100737571716,-0.1940310299396515,0.999325156211853,-0.1284184753894806,-0.6261575222015381,-0.19369909167289734,0.9988206028938293,-0.12896421551704407,-0.6257429718971252,-0.19529931247234344,0.9988653659820557,-0.12872883677482605,-0.6258168816566467,-0.19295156002044678,0.9987729787826538,-0.16017094254493713,-0.6227359771728516,-0.18575724959373474,0.998775839805603,-0.15815800428390503,-0.6233425140380859,-0.18673957884311676,0.9988595247268677,-0.15876799821853638,-0.622215747833252,-0.18270352482795715,0.9987611174583435,-0.029627826064825058,-0.6402435898780823,-0.12864306569099426,0.9988858103752136,-0.15853054821491241,-0.6239866018295288,-0.06959447264671326,0.9983963370323181,-0.09919273853302002,-0.5632469654083252,-0.17730611562728882,0.9995236992835999,-0.13721083104610443,-0.5563851594924927,-0.15877856314182281,0.9994387626647949,0.11423362791538239,-0.46145063638687134,-0.09076381474733353,0.9992162585258484,-0.1843770146369934,-0.43224605917930603,0.019194841384887695,0.9993628859519958,0.13352160155773163,-0.23924481868743896,-0.1868305802345276,0.974330723285675,-0.23203042149543762,-0.21605850756168365,-0.05937095358967781,0.905792772769928,-0.06946538388729095,-0.27889662981033325,-0.2999228537082672,0.8744149804115295,-0.24922728538513184,-0.31869497895240784,-0.2534160912036896,0.854227602481842,-0.13372352719306946,-0.2891988456249237,-0.33736544847488403,0.8378419280052185,-0.24811196327209473,-0.3533862233161926,-0.29843461513519287,0.8184418678283691,-0.14449246227741241,-0.3386513590812683,-0.3261580765247345,0.8521958589553833,-0.261936753988266,-0.3993075489997864,-0.28293126821517944,0.8279299736022949,-0.09169671684503555,-0.30297720432281494,-0.30025264620780945,0.8378687500953674,-0.24615901708602905,-0.34075143933296204,-0.25501829385757446,0.8122463822364807,0.1042448878288269,-0.012801188044250011,-0.023295847699046135,0.45030778646469116,-0.10472496598958969,0.0053289965726435184,0.02391819842159748,0.45427486300468445,0.10506421327590942,-0.02391020581126213,-0.06907864660024643,0.09525461494922638,-0.13263234496116638,0.10805317014455795,-0.042999520897865295,0.09111884981393814,0.14145219326019287,0.22893226146697998,0.16130797564983368,0.02429085038602352,-0.07939761132001877,0.4410567581653595,0.19442985951900482,0.028825964778661728,0.14347070455551147,0.23859921097755432,0.17507129907608032,0.011024302802979946,-0.06788477301597595,0.4599560797214508,0.21855910122394562,0.01821259781718254,0.15426497161388397,0.22376704216003418,-0.027997484430670738,0.02716604620218277,-0.09943655133247375,0.5123999714851379,0.03546635061502457,0.03103409707546234,19,0.792,0.4258681833744049,0.6316498517990112,-1.1100208041625592e-07,,0.45300963521003723,0.6151265501976013,0.0018697184277698398,,0.4684743285179138,0.5966008305549622,-0.0006841624854132533,,0.48065146803855896,0.5865203142166138,-0.004915050230920315,,0.48801523447036743,0.5739253759384155,-0.007803348358720541,,0.4531717896461487,0.5269381999969482,0.001848464016802609,,0.4823736250400543,0.5519067049026489,-0.0051007806323468685,,0.4757726490497589,0.5762687921524048,-0.010266534052789211,,0.4667742848396301,0.5795670747756958,-0.01385484728962183,,0.4488605260848999,0.5316520929336548,-0.003420810680836439,,0.4815658628940582,0.5642529129981995,-0.009144504554569721,,0.47329461574554443,0.5867300033569336,-0.010133947245776653,,0.46434858441352844,0.5889370441436768,-0.010914231650531292,,0.44644856452941895,0.5454885363578796,-0.009346853010356426,,0.47718164324760437,0.5763548016548157,-0.013278189115226269,,0.46894386410713196,0.596076250076294,-0.010734274983406067,,0.45929595828056335,0.5988121032714844,-0.009265456348657608,,0.44559770822525024,0.5644543170928955,-0.015657939016819,,0.468746155500412,0.5860947370529175,-0.01706014573574066,,0.4632297158241272,0.6018397808074951,-0.014915414154529572,,0.4555000960826874,0.6049330830574036,-0.013489662669599056,,0.5518501996994019,0.6961593627929688,-2.8972564791729383e-07,,0.5236777067184448,0.6815590262413025,0.010678420774638653,,0.4988049864768982,0.6762869954109192,0.011800789274275303,,0.48253732919692993,0.6850951313972473,0.00817880779504776,,0.47123292088508606,0.6993423104286194,0.004659741651266813,,0.4813639521598816,0.6222379803657532,0.01877571828663349,,0.45857203006744385,0.6650858521461487,0.010924315080046654,,0.4709230959415436,0.6777063012123108,0.0020516410004347563,,0.4846307337284088,0.6760305762290955,-0.0029386181849986315,,0.4784577786922455,0.6301092505455017,0.009192222729325294,,0.45703598856925964,0.6794411540031433,0.002718348754569888,,0.4713725745677948,0.6900860071182251,-0.0026665618643164635,,0.48404020071029663,0.6830112934112549,-0.005354720167815685,,0.4775019884109497,0.6459230780601501,-0.0011030921014025807,,0.4572334289550781,0.6930055022239685,-0.005280844401568174,,0.4729098677635193,0.7049179673194885,-0.005110995378345251,,0.48399755358695984,0.6943346261978149,-0.004540243186056614,,0.47635552287101746,0.6669774055480957,-0.011146271601319313,,0.45830389857292175,0.7049267292022705,-0.012208297848701477,,0.4708818197250366,0.7150827646255493,-0.008922481909394264,,0.48098573088645935,0.7080585360527039,-0.005818438250571489,
-0.14048181474208832,-0.5812424421310425,-0.19490142166614532,0.9993585348129272,-0.1293042153120041,-0.6254933476448059,-0.19459950923919678,0.998879075050354,-0.1298549771308899,-0.625078022480011,-0.19620418548583984,0.998916506767273,-0.12961450219154358,-0.6251487135887146,-0.19385582208633423,0.99882972240448,-0.1611524373292923,-0.6220433712005615,-0.1866205781698227,0.9988415241241455,-0.15914425253868103,-0.6226555705070496,-0.18759740889072418,0.9989175796508789,-0.1597532480955124,-0.6215270161628723,-0.18355560302734375,0.9988309144973755,-0.030309582129120827,-0.6400871872901917,-0.1293761432170868,0.9989456534385681,-0.15948839485645294,-0.6233986020088196,-0.07014524936676025,0.9985048174858093,-0.10023724287748337,-0.5626127123832703,-0.1780862957239151,0.9995453953742981,-0.1383361518383026,-0.5557286739349365,-0.1595059484243393,0.9994680285453796,0.11344242841005325,-0.46138569712638855,-0.09147771447896957,0.9992507100105286,-0.18474894762039185,-0.43146100640296936,0.019568920135498047,0.9993941187858582,0.13174663484096527,-0.23900285363197327,-0.1866845339536667,0.9766268134117126,-0.23246808350086212,-0.214482843875885,-0.05890686437487602,0.9134425520896912,-0.07094627618789673,-0.2776372730731964,-0.299970418214798,0.8865320086479187,-0.24886052310466766,-0.3181147575378418,-0.25385433435440063,0.867796778678894,-0.13522830605506897,-0.2878759503364563,-0.337658166885376,0.8512471318244934,-0.24744123220443726,-0.35340461134910583,-0.2989724278450012,0.8322663903236389,-0.14538557827472687,-0.337294340133667,-0.3258746564388275,0.864084005355835,-0.2609255909919739,-0.3994792401790619,-0.28339579701423645,0.8408142924308777,-0.09297356009483337,-0.30171406269073486,-0.3000483214855194,0.8504399657249451,-0.2455759197473526,-0.3404802083969116,-0.25544610619544983,0.8256710767745972,0.10423319786787033,-0.013059885241091251,-0.023665880784392357,0.4562687873840332,-0.10472901165485382,0.005657978355884552,0.02426818199455738,0.46057364344596863,0.10403727740049362,-0.02468515932559967,-0.06990046799182892,0.08921115100383759,-0.1329394429922104,0.10673602670431137,-0.04332074150443077,0.0858343094587326,0.14140062034130096,0.22839905321598053,0.16011177003383636,0.02295367792248726,-0.0792221873998642,0.4409007132053375,0.19414928555488586,0.02692563273012638,0.14339974522590637,0.2380586713552475,0.17386658489704132,0.010564363561570644,-0.06763573735952377,0.4597969055175781,0.21836966276168823,0.01732659339904785,0.15317074954509735,0.2230784296989441,-0.029299426823854446,0.02578474022448063,-0.09934888035058975,0.5122211575508118,0.0348922535777092,0.029231959953904152,20,0.834,0.4262692928314209,0.6304787397384644,-1.1059537996516156e-07,,0.4531373083591461,0.6140496134757996,0.0019736341200768948,,0.4684700071811676,0.5956574082374573,-0.0005840410012751818,,0.48056352138519287,0.5858318209648132,-0.004792881663888693,,0.4886268973350525,0.5737425088882446,-0.007674624212086201,,0.4534479081630707,0.5265052914619446,0.0014837918570265174,,0.4828093945980072,0.5518001914024353,-0.005462056957185268,,0.4762466549873352,0.5769405364990234,-0.01053636148571968,,0.46707430481910706,0.5810374617576599,-0.014003490097820759,,0.4492413103580475,0.5310524106025696,-0.003748676972463727,,0.4821474552154541,0.5638983249664307,-0.009515994228422642,,0.4740041196346283,0.5872548818588257,-0.010393465869128704,,0.4649602174758911,0.5904787182807922,-0.011012405157089233,,0.4469223916530609,0.5447966456413269,-0.009579620324075222,,0.4777880609035492,0.5758128762245178,-0.013569602742791176,,0.46970048546791077,0.5961835980415344,-0.01095315907150507,,0.4599855840206146,0.59965580701828,-0.009333412162959576,,0.4461265206336975,0.5637056827545166,-0.015750188380479813,,0.46938079595565796,0.5853103995323181,-0.01713723875582218,,0.4640832543373108,0.6016085147857666,-0.014857076108455658,,0.4564581513404846,0.6052829027175903,-0.013272475451231003,,0.5437013506889343,0.6951577067375183,-3.375255630544416e-07,,0.5187702178955078,0.6765986084938049,0.009330002591013908,,0.4919601380825043,0.6658944487571716,0.009355572052299976,,0.4725840389728546,0.6724308729171753,0.0050554824993014336,,0.4597157835960388,0.687253475189209,0.000593817385379225,,0.4722018539905548,0.6151736974716187,0.013347575441002846,,0.43715983629226685,0.6395410299301147,0.0062612732872366905,,0.4426858723163605,0.6612809896469116,-0.00033909952617250383,,0.4549639821052551,0.6685813665390015,-0.003891834057867527,,0.4707307815551758,0.6229269504547119,0.004697217606008053,,0.4455481171607971,0.6707723140716553,-0.0012262678937986493,,0.45834091305732727,0.6879202127456665,-0.005647902376949787,,0.4721834063529968,0.682795524597168,-0.008136555552482605,,0.4725392460823059,0.6403584480285645,-0.00431876489892602,,0.451016902923584,0.6905640363693237,-0.008596261963248253,,0.46496936678886414,0.705362856388092,-0.008690958842635155,,0.47688165307044983,0.6954946517944336,-0.008783277124166489,,0.47329503297805786,0.6644527316093445,-0.012865448370575905,,0.4548433721065521,0.7045912742614746,-0.014445940032601357,,0.4668952226638794,0.7163879871368408,-0.011381522752344608,,0.47776710987091064,0.7091387510299683,-0.008549734018743038,
-0.14015799760818481,-0.5813332796096802,-0.19457711279392242,0.9993858337402344,-0.12880876660346985,-0.625525712966919,-0.1943335235118866,0.9989288449287415,-0.12936554849147797,-0.6251108646392822,-0.1959766447544098,0.9989601373672485,-0.12911544740200043,-0.6251816153526306,-0.19361841678619385,0.99888014793396,-0.1606263965368271,-0.6221120357513428,-0.1860770583152771,0.9988949298858643,-0.15862563252449036,-0.622726559638977,-0.18701396882534027,0.9989627003669739,-0.15923258662223816,-0.6215993762016296,-0.18296560645103455,0.9988869428634644,-0.02959606982767582,-0.6400120854377747,-0.12965917587280273,0.9989981651306152,-0.15895290672779083,-0.6231856942176819,-0.069362111389637,0.9985922574996948,-0.09992863982915878,-0.5625951886177063,-0.1780729740858078,0.9995630979537964,-0.13799640536308289,-0.5557517409324646,-0.15912118554115295,0.9994900822639465,0.11357970535755157,-0.4613036811351776,-0.09204216301441193,0.9992834329605103,-0.18415069580078125,-0.43091028928756714,0.019580023363232613,0.9994197487831116,0.13213035464286804,-0.238766610622406,-0.18648046255111694,0.9786545038223267,-0.23221375048160553,-0.21342341601848602,-0.05733894184231758,0.9199854731559753,-0.06893926113843918,-0.2786160707473755,-0.29968875646591187,0.8973675966262817,-0.24799568951129913,-0.31847089529037476,-0.2507254481315613,0.8798782825469971,-0.13270939886569977,-0.289360374212265,-0.33731186389923096,0.8631030321121216,-0.24637185037136078,-0.3541637063026428,-0.2954808473587036,0.8444226980209351,-0.14309315383434296,-0.33799511194229126,-0.3257167637348175,0.8745559453964233,-0.25958502292633057,-0.4003485143184662,-0.27949872612953186,0.8520704507827759,-0.09106594324111938,-0.30235451459884644,-0.2997303307056427,0.8614962100982666,-0.2445727437734604,-0.3409212529659271,-0.25224220752716064,0.8373798727989197,0.10421046614646912,-0.013127392157912254,-0.02392437495291233,0.46371909976005554,-0.10469140112400055,0.005764793138951063,0.02454925701022148,0.46803075075149536,0.10402842611074448,-0.027163764461874962,-0.07073644548654556,0.08400771766901016,-0.13283537328243256,0.09699905663728714,-0.04460934177041054,0.08125349134206772,0.14332382380962372,0.22724691033363342,0.15932047367095947,0.021814381703734398,-0.07343055307865143,0.4397744834423065,0.19392848014831543,0.02526978589594364,0.14555199444293976,0.23701024055480957,0.1731880158185959,0.010193209163844585,-0.06139888986945152,0.45836836099624634,0.21813932061195374,0.016616305336356163,0.15388719737529755,0.21769022941589355,-0.03154576197266579,0.02459799125790596,-0.0919419452548027,0.5054290890693665,0.03466883674263954,0.027666715905070305,21,0.875,0.4271076023578644,0.6299389600753784,-1.0834695274297701e-07,,0.45352858304977417,0.6136862635612488,0.0024037284310907125,,0.46890974044799805,0.5944622159004211,0.00012189146946184337,,0.4808965027332306,0.5845313668251038,-0.0038210805505514145,,0.4894799292087555,0.5724705457687378,-0.006411115638911724,,0.45391812920570374,0.5259931683540344,0.0018591319676488638,,0.4835093021392822,0.5505889058113098,-0.004590342752635479,,0.47645583748817444,0.5743622779846191,-0.009410117752850056,,0.4671564996242523,0.577534556388855,-0.01284460723400116,,0.44977855682373047,0.5304733514785767,-0.0034642349928617477,,0.4829801023006439,0.563018798828125,-0.008379096165299416,,0.47421860694885254,0.5845212340354919,-0.008874431252479553,,0.4650144577026367,0.5860899090766907,-0.009582463651895523,,0.4475773870944977,0.5441630482673645,-0.009343418292701244,,0.4788261353969574,0.5745803117752075,-0.012576363980770111,,0.4702255427837372,0.5938097238540649,-0.009696980006992817,,0.46030375361442566,0.5962605476379395,-0.008275005966424942,,0.446839839220047,0.5629410147666931,-0.015554700046777725,,0.4706944525241852,0.5840393900871277,-0.0165866669267416,,0.46501556038856506,0.5995911359786987,-0.014182385057210922,,0.4569895565509796,0.6025063991546631,-0.012711014598608017,,0.5538281202316284,0.6976572871208191,-2.6738092628875165e-07,,0.524692714214325,0.6767741441726685,0.01232939399778843,,0.4992954134941101,0.6708191633224487,0.014036169275641441,,0.4816450774669647,0.6822503209114075,0.0106486352160573,,0.470056414604187,0.6988091468811035,0.007281346246600151,,0.4815187156200409,0.6232753992080688,0.020430583506822586,,0.45848411321640015,0.661799967288971,0.013981503434479237,,0.47052639722824097,0.6729139089584351,0.005909826140850782,,0.4839455187320709,0.6705610156059265,0.0011971601052209735,,0.47853052616119385,0.6321995854377747,0.010313299484550953,,0.4574931561946869,0.6767838001251221,0.006226501427590847,,0.47036755084991455,0.6860957741737366,0.0018139282474294305,,0.4819478392601013,0.6786020994186401,-0.0010270708007737994,,0.47766566276550293,0.6486209630966187,-0.0003916645946446806,,0.45754769444465637,0.690801203250885,-0.002527613425627351,,0.47174543142318726,0.7014052271842957,-0.0017868783324956894,,0.4821434020996094,0.6909080743789673,-0.001601255382411182,,0.47664374113082886,0.6698198914527893,-0.010776608251035213,,0.4581664800643921,0.7043770551681519,-0.01043226569890976,,0.4703512489795685,0.7139590382575989,-0.006621112581342459,,0.48066502809524536,0.7079293727874756,-0.003627354744821787,
-0.13950224220752716,-0.5810278058052063,-0.19574370980262756,0.9994138479232788,-0.1280270367860794,-0.6251781582832336,-0.19541415572166443,0.9989795088768005,-0.12858399748802185,-0.6247639060020447,-0.19705897569656372,0.9990050196647644,-0.12832936644554138,-0.6248366236686707,-0.1947060078382492,0.9989287853240967,-0.15992332994937897,-0.6216555833816528,-0.18729722499847412,0.9989501237869263,-0.15792126953601837,-0.6222767233848572,-0.18822570145130157,0.9990113377571106,-0.15852822363376617,-0.6211500763893127,-0.18417805433273315,0.998944103717804,-0.029279867187142372,-0.6398456692695618,-0.13010931015014648,0.9990519285202026,-0.15906290709972382,-0.622175395488739,-0.07049538940191269,0.9986838102340698,-0.09943149983882904,-0.562246561050415,-0.1790040135383606,0.9995841979980469,-0.13756749033927917,-0.5552599430084229,-0.1602831482887268,0.9995172619819641,0.11343551427125931,-0.46146559715270996,-0.09145922213792801,0.9993155598640442,-0.18435357511043549,-0.429869681596756,0.019115973263978958,0.999443769454956,0.1330237239599228,-0.24015536904335022,-0.18635062873363495,0.9804827570915222,-0.23197093605995178,-0.21227477490901947,-0.05845603719353676,0.9262886047363281,-0.06813028454780579,-0.27981048822402954,-0.29962295293807983,0.9070770740509033,-0.24701231718063354,-0.3198792338371277,-0.2510984241962433,0.8908159136772156,-0.13222438097000122,-0.2897869646549225,-0.3372863531112671,0.8733808994293213,-0.24377335608005524,-0.35666555166244507,-0.29556307196617126,0.8553686141967773,-0.14308442175388336,-0.33746832609176636,-0.32551679015159607,0.8835570216178894,-0.2580854296684265,-0.4031960070133209,-0.279244065284729,0.8621308207511902,-0.09061305224895477,-0.30305972695350647,-0.2995293140411377,0.8709161877632141,-0.2437877655029297,-0.34280702471733093,-0.2523465156555176,0.8476169109344482,0.1042095422744751,-0.013178850524127483,-0.023944951593875885,0.46978121995925903,-0.10469899326562881,0.005834583658725023,0.02457394078373909,0.47306305170059204,0.10392508655786514,-0.02664307691156864,-0.07102737575769424,0.07995010167360306,-0.13270288705825806,0.09713108092546463,-0.045854829251766205,0.0781337097287178,0.14310811460018158,0.22779156267642975,0.15944477915763855,0.020866921171545982,-0.07284308224916458,0.43974581360816956,0.19374994933605194,0.023966506123542786,0.14535672962665558,0.237666055560112,0.17339861392974854,0.009875761345028877,-0.06095585599541664,0.45835110545158386,0.2179817408323288,0.016047190874814987,0.1538851410150528,0.2188185155391693,-0.03045547381043434,0.0235980823636055,-0.09160943329334259,0.5055086612701416,0.034118469804525375,0.026444030925631523,22,0.917,0.42934247851371765,0.6296569108963013,-1.0749895551498412e-07,,0.4552273452281952,0.6139859557151794,0.00265073636546731,,0.4711261987686157,0.5947312712669373,0.0005140258581377566,,0.48362258076667786,0.5843154788017273,-0.003213863354176283,,0.4923446774482727,0.5731911063194275,-0.005550210829824209,,0.4559687674045563,0.5257427096366882,0.0017449466977268457,,0.4861239492893219,0.5500656366348267,-0.004312009084969759,,0.4792330861091614,0.5735741257667542,-0.00879569724202156,,0.47024813294410706,0.5763868093490601,-0.012073487043380737,,0.4521263837814331,0.5302598476409912,-0.003562117461115122,,0.48553743958473206,0.5630349516868591,-0.007936369627714157,,0.4770071506500244,0.584131121635437,-0.008247912861406803,,0.4683515727519989,0.5847200155258179,-0.009082848206162453,,0.45044654607772827,0.5440691709518433,-0.00929558277130127,,0.4818629324436188,0.5746300220489502,-0.0122986426576972,,0.4731725752353668,0.5938151478767395,-0.009361479431390762,,0.46353888511657715,0.5958216190338135,-0.008062915876507759,,0.450361430644989,0.5628381967544556,-0.015285354107618332,,0.47422340512275696,0.5839107632637024,-0.01613427698612213,,0.46835198998451233,0.6000893115997314,-0.013553483411669731,,0.46028971672058105,0.603217363357544,-0.012038764543831348,,0.5464502573013306,0.6949840784072876,-3.738729787983175e-07,,0.5214574337005615,0.6756676435470581,0.010940690524876118,,0.4959579408168793,0.665623128414154,0.011257537640631199,,0.4775492250919342,0.6718146800994873,0.006775989662855864,,0.4647509455680847,0.6850113868713379,0.002029554918408394,,0.47592246532440186,0.6170799732208252,0.014634992927312851,,0.4442872107028961,0.6459161043167114,0.007253224961459637,,0.4542142450809479,0.6664317846298218,0.00017504899005871266,,0.468844473361969,0.6723924875259399,-0.003645948600023985,,0.47427091002464294,0.6242291927337646,0.005037919618189335,,0.4506402015686035,0.6718408465385437,-0.0011175733525305986,,0.4651094377040863,0.6884592771530151,-0.005568316206336021,,0.4797874093055725,0.683663547039032,-0.007985425181686878,,0.4752287268638611,0.6408199071884155,-0.004834432154893875,,0.4546334743499756,0.6904317140579224,-0.009413588792085648,,0.47056177258491516,0.7058978080749512,-0.009443661198019981,,0.48343345522880554,0.6961626410484314,-0.00933859683573246,,0.47514790296554565,0.6638908386230469,-0.014088206924498081,,0.45675086975097656,0.7054222226142883,-0.015818201005458832,,0.47015437483787537,0.718039333820343,-0.012607294134795666,,0.48179784417152405,0.7108861207962036,-0.009627051651477814,
-0.13906890153884888,-0.5788602232933044,-0.19646428525447845,0.9994328618049622,-0.12763042747974396,-0.6229639053344727,-0.19593600928783417,0.9990176558494568,-0.1282029002904892,-0.6225405335426331,-0.19755223393440247,0.9990391135215759,-0.12793540954589844,-0.6226134300231934,-0.19521227478981018,0.9989678263664246,-0.15938428044319153,-0.6196002960205078,-0.1880822479724884,0.9989882707595825,-0.1574036031961441,-0.6202359795570374,-0.18901386857032776,0.9990421533584595,-0.15800607204437256,-0.6191025376319885,-0.18496914207935333,0.9989824891090393,-0.027273282408714294,-0.6375975608825684,-0.13122546672821045,0.9990957379341125,-0.15645675361156464,-0.6205551028251648,-0.07132871448993683,0.9987481236457825,-0.09829790890216827,-0.559994637966156,-0.17945486307144165,0.9995999932289124,-0.13627515733242035,-0.5533486604690552,-0.1610579639673233,0.9995346069335938,0.1159384548664093,-0.45920395851135254,-0.09304799139499664,0.9993453025817871,-0.18050546944141388,-0.42942023277282715,0.018217001110315323,0.9994662404060364,0.13351456820964813,-0.23631522059440613,-0.18687690794467926,0.9820788502693176,-0.23080793023109436,-0.21109545230865479,-0.058137621730566025,0.9314327239990234,-0.06655384600162506,-0.27872011065483093,-0.3006286025047302,0.915786862373352,-0.24557843804359436,-0.3206411898136139,-0.2502593994140625,0.9005704522132874,-0.13045954704284668,-0.28934410214424133,-0.33799806237220764,0.8827820420265198,-0.24267035722732544,-0.35737279057502747,-0.2943732738494873,0.8652491569519043,-0.14117048680782318,-0.3370995819568634,-0.3255175054073334,0.8918243050575256,-0.2557658851146698,-0.40377360582351685,-0.2776309847831726,0.8712641596794128,-0.08899927139282227,-0.30198541283607483,-0.29998084902763367,0.8796439170837402,-0.2419888973236084,-0.3434145450592041,-0.2514059245586395,0.85710209608078,0.10423226654529572,-0.013001656159758568,-0.024393390864133835,0.47562411427497864,-0.10468848049640656,0.005765493493527174,0.025074036791920662,0.47972744703292847,0.10318568348884583,-0.028967080637812614,-0.08155199885368347,0.07602737098932266,-0.13394013047218323,0.07415861636400223,-0.0524921789765358,0.07495943456888199,0.14183904230594635,0.2281782478094101,0.1555120348930359,0.02003556117415428,-0.07176844030618668,0.43781766295433044,0.18876583874225616,0.022807659581303596,0.1439742147922516,0.23808766901493073,0.1702062487602234,0.009691823273897171,-0.059626128524541855,0.456399142742157,0.2145252674818039,0.015714192762970924,0.14739634096622467,0.21737277507781982,-0.03712049499154091,0.02268570475280285,-0.09018014371395111,0.4955104887485504,0.02882947400212288,0.025327615439891815,23,0.959,0.43049511313438416,0.6309255361557007,-1.1007745825963866e-07,,0.45687317848205566,0.6156497597694397,0.0025335438549518585,,0.47235241532325745,0.595402717590332,0.00038823593058623374,,0.48461636900901794,0.5846306085586548,-0.0033178552985191345,,0.49415624141693115,0.574715256690979,-0.005575518123805523,,0.45815160870552063,0.5268546342849731,0.0018453699303790927,,0.4877818822860718,0.5511910915374756,-0.004164459649473429,,0.48087674379348755,0.5740326642990112,-0.00848155003041029,,0.4719696342945099,0.5761849880218506,-0.011736632324755192,,0.4544356167316437,0.5316169261932373,-0.0034937725868076086,,0.48738572001457214,0.5640761852264404,-0.007944971323013306,,0.47911641001701355,0.5847444534301758,-0.008120531216263771,,0.4705581068992615,0.5845349431037903,-0.0089076217263937,,0.45280811190605164,0.5455327033996582,-0.009306332096457481,,0.4837729334831238,0.5759705305099487,-0.012315141968429089,,0.4754079580307007,0.5949879884719849,-0.009093502536416054,,0.4658275246620178,0.5964465737342834,-0.0077222553081810474,,0.4527643918991089,0.564651370048523,-0.015432032756507397,,0.47619685530662537,0.5864616632461548,-0.01641857996582985,,0.4703100025653839,0.6026991009712219,-0.013900185003876686,,0.4621015191078186,0.6051921844482422,-0.012504025362432003,,0.5554221272468567,0.7011469006538391,-2.519375641441002e-07,,0.5267221331596375,0.6790662407875061,0.01057648565620184,,0.5019122362136841,0.6716996431350708,0.011767737567424774,,0.48528778553009033,0.6821563243865967,0.00848277099430561,,0.474222332239151,0.6986129879951477,0.005228128749877214,,0.48483896255493164,0.6233111619949341,0.01821235381066799,,0.46378156542778015,0.665311872959137,0.011665810830891132,,0.475685715675354,0.6767459511756897,0.0034251047763973475,,0.4880794584751129,0.6728011965751648,-0.0015664811944589019,,0.4818135201931,0.6324744820594788,0.009020539931952953,,0.46159854531288147,0.6766802668571472,0.004862441215664148,,0.4741450548171997,0.6880691647529602,0.0005014943890273571,,0.48558950424194336,0.6817684173583984,-0.0022364752367138863,,0.4806910753250122,0.6492741703987122,-0.0007226234884001315,,0.46101489663124084,0.6909375786781311,-0.0030797584913671017,,0.4749399721622467,0.7036325931549072,-0.002098772907629609,,0.48549404740333557,0.6942387223243713,-0.0015933099202811718,,0.4798647165298462,0.670879602432251,-0.010287683457136154,,0.4617578685283661,0.7055701613426208,-0.01067532692104578,,0.474139541387558,0.7168205380439758,-0.00689695542678237,,0.48493829369544983,0.7116302251815796,-0.003664163174107671,
-0.1386774331331253,-0.5780799984931946,-0.19649170339107513,0.9994570016860962,-0.1273352950811386,-0.6222223043441772,-0.19604213535785675,0.9990635514259338,-0.12791863083839417,-0.6217911243438721,-0.1976899802684784,0.9990818500518799,-0.12765361368656158,-0.6218612790107727,-0.195331871509552,0.9990158677101135,-0.15907545387744904,-0.6188573837280273,-0.1879923790693283,0.9990333914756775,-0.15710625052452087,-0.6194859743118286,-0.18891188502311707,0.9990803599357605,-0.15771012008190155,-0.6183475852012634,-0.1848507523536682,0.9990268349647522,-0.026290064677596092,-0.6368164420127869,-0.1313459426164627,0.9991456866264343,-0.1555899679660797,-0.6197022199630737,-0.07079841941595078,0.9988176226615906,-0.09738095849752426,-0.5590725541114807,-0.17957746982574463,0.999619722366333,-0.13542957603931427,-0.5524999499320984,-0.16084185242652893,0.9995559453964233,0.11716409772634506,-0.45851582288742065,-0.0932653546333313,0.9993774890899658,-0.17857725918293,-0.42890870571136475,0.017976803705096245,0.9994884729385376,0.1340009570121765,-0.235242560505867,-0.186732217669487,0.9836174845695496,-0.23066292703151703,-0.21109755337238312,-0.05716230720281601,0.9367467164993286,-0.06624703854322433,-0.2790137529373169,-0.3003741502761841,0.923797607421875,-0.24534213542938232,-0.3241218328475952,-0.24654348194599152,0.9096848368644714,-0.1305357813835144,-0.2895755469799042,-0.33762574195861816,0.8918268084526062,-0.24240770936012268,-0.3606288433074951,-0.2900594174861908,0.8749369382858276,-0.1407545506954193,-0.3370401859283447,-0.32388854026794434,0.8998426795005798,-0.25498923659324646,-0.4071204960346222,-0.2726227939128876,0.8802608847618103,-0.08864579349756241,-0.3022017776966095,-0.2991308569908142,0.8882851004600525,-0.24171993136405945,-0.34697428345680237,-0.24749432504177094,0.8667181730270386,0.10433079302310944,-0.01285470463335514,-0.024784181267023087,0.48331212997436523,-0.10470504313707352,0.005749838892370462,0.02545577473938465,0.48736488819122314,0.10310815274715424,-0.03131368011236191,-0.09071825444698334,0.07199296355247498,-0.1358458548784256,0.057660751044750214,-0.05789298564195633,0.07149932533502579,0.14121438562870026,0.2283412665128708,0.15198470652103424,0.019182344898581505,-0.07044214755296707,0.4354455769062042,0.18768908083438873,0.021596526727080345,0.14336144924163818,0.23843103647232056,0.16688783466815948,0.009444151073694229,-0.05783770605921745,0.4544082283973694,0.2141142338514328,0.015231023542582989,0.1444581300020218,0.21708063781261444,-0.04276005178689957,0.021674692630767822,-0.08755865693092346,0.48948532342910767,0.026600303128361702,0.024054374545812607,24,1.001,0.4315977394580841,0.632532000541687,-1.0409148387680034e-07,,0.4575803875923157,0.6179474592208862,0.00304901460185647,,0.47362884879112244,0.5980334281921387,0.0010646946029737592,,0.48603010177612305,0.5875908136367798,-0.002479488728567958,,0.4956957995891571,0.5786210894584656,-0.004645112901926041,,0.46002721786499023,0.5292773246765137,0.0013611218892037868,,0.48965683579444885,0.552253246307373,-0.003946376033127308,,0.4830164909362793,0.5738193988800049,-0.00774001982063055,,0.47414204478263855,0.5760325789451599,-0.010658425278961658,,0.45635032653808594,0.5355671048164368,-0.003961651120334864,,0.48877057433128357,0.5662277936935425,-0.007216716185212135,,0.4811098575592041,0.584931492805481,-0.006884485483169556,,0.47276341915130615,0.5845636129379272,-0.0077361795119941235,,0.45479753613471985,0.5510144233703613,-0.009585482068359852,,0.4852334260940552,0.579069972038269,-0.01154498104006052,,0.4774428606033325,0.5966801047325134,-0.008050194010138512,,0.4680999219417572,0.5982283353805542,-0.006900588981807232,,0.4549376368522644,0.5711966156959534,-0.01545866671949625,,0.4784494936466217,0.5913030505180359,-0.015582683496177197,,0.47255730628967285,0.6067940592765808,-0.012712713330984116,,0.46418142318725586,0.609533429145813,-0.011373215354979038,,0.5510011911392212,0.6986177563667297,-3.4737934129225323e-07,,0.5247077941894531,0.6772562861442566,0.011254913173615932,,0.49818041920661926,0.6657547354698181,0.011900615878403187,,0.4790531396865845,0.672491729259491,0.007934319786727428,,0.4664965271949768,0.6873962879180908,0.0039039221592247486,,0.4777638912200928,0.6195803284645081,0.01572629064321518,,0.4476187229156494,0.6516376733779907,0.009381413459777832,,0.45760709047317505,0.6724921464920044,0.002926708199083805,,0.470613956451416,0.6767249703407288,-0.0008505168952979147,,0.4758162796497345,0.6283515691757202,0.006096221040934324,,0.4532371759414673,0.6767306923866272,0.0016650164034217596,,0.4672459661960602,0.6927669048309326,-0.001741042360663414,,0.48018574714660645,0.686817467212677,-0.0039774286560714245,,0.47668981552124023,0.6466453075408936,-0.003816012293100357,,0.45628654956817627,0.6949408054351807,-0.0069209616631269455,,0.471469908952713,0.710715651512146,-0.00614478625357151,,0.4828053414821625,0.7007890939712524,-0.00610054936259985,,0.4772166311740875,0.6715547442436218,-0.013205356895923615,,0.4598105251789093,0.7117544412612915,-0.01412769965827465,,0.47297295928001404,0.7237138152122498,-0.010745205916464329,,0.4836556911468506,0.7163392901420593,-0.008006684482097626,
-0.13836123049259186,-0.5781345963478088,-0.19445185363292694,0.9994736909866333,-0.12698762118816376,-0.6222497224807739,-0.19400280714035034,0.999095618724823,-0.12757784128189087,-0.6218189597129822,-0.19568336009979248,0.9991111159324646,-0.12731343507766724,-0.6218888163566589,-0.19330447912216187,0.9990490078926086,-0.15860311686992645,-0.6189018487930298,-0.185751810669899,0.9990664720535278,-0.1566430777311325,-0.6195307970046997,-0.18665456771850586,0.999108076095581,-0.15724921226501465,-0.6183932423591614,-0.18256829679012299,0.999060869216919,-0.02579820342361927,-0.6365648508071899,-0.1300118863582611,0.9991837739944458,-0.15453092753887177,-0.6195483207702637,-0.06883600354194641,0.9988757371902466,-0.09695354104042053,-0.5590444803237915,-0.17800143361091614,0.9996345043182373,-0.1348753124475479,-0.5525059700012207,-0.15892662107944489,0.9995725750923157,0.11739706248044968,-0.4575932025909424,-0.09305556863546371,0.9994012117385864,-0.17706221342086792,-0.42811086773872375,0.01976497657597065,0.9995059370994568,0.1342485249042511,-0.23392711579799652,-0.18615376949310303,0.9849685430526733,-0.23016177117824554,-0.2092193365097046,-0.05346507951617241,0.94120854139328,-0.06744012981653214,-0.27834391593933105,-0.2989293336868286,0.9309504628181458,-0.24497923254966736,-0.32128480076789856,-0.24273821711540222,0.9177268147468567,-0.13286912441253662,-0.28854450583457947,-0.33567848801612854,0.8996758460998535,-0.24204093217849731,-0.35684478282928467,-0.2859042286872864,0.8831693530082703,-0.1421917974948883,-0.3363540470600128,-0.320867121219635,0.9067668914794922,-0.2545680105686188,-0.4033676087856293,-0.2684613764286041,0.887930691242218,-0.08972754329442978,-0.3016248941421509,-0.2970954179763794,0.8956503868103027,-0.24132531881332397,-0.3441120982170105,-0.2436894029378891,0.8747923374176025,0.1043255403637886,-0.01282036304473877,-0.025225190445780754,0.4878341257572174,-0.10466024279594421,0.005760855507105589,0.025897305458784103,0.4917803704738617,0.1022135466337204,-0.03149707242846489,-0.09082973748445511,0.06879312545061111,-0.13655194640159607,0.059788189828395844,-0.057728417217731476,0.06875483691692352,0.13968800008296967,0.22887611389160156,0.15212169289588928,0.01858326606452465,-0.070097915828228,0.4353218674659729,0.18895359337329865,0.020626293495297432,0.14175494015216827,0.23919473588466644,0.16701233386993408,0.00929274596273899,-0.057437848299741745,0.45432940125465393,0.21593770384788513,0.014878511428833008,0.14075961709022522,0.21726877987384796,-0.042478807270526886,0.020932037383317947,-0.08758317679166794,0.48959484696388245,0.027734804898500443,0.02304704301059246,25,1.042,0.43238502740859985,0.639581561088562,-9.081667684540662e-08,,0.4554939568042755,0.6223410367965698,0.0011815145844593644,,0.4726477563381195,0.6015591621398926,-0.0020008706487715244,,0.4862486720085144,0.5908480882644653,-0.006405176594853401,,0.4965565502643585,0.5845471620559692,-0.009357902221381664,,0.460942804813385,0.535095751285553,-0.0003368247707840055,,0.49176523089408875,0.5600910186767578,-0.006618924904614687,,0.4852575361728668,0.579642117023468,-0.011033927090466022,,0.47606536746025085,0.5804583430290222,-0.014225771650671959,,0.457915723323822,0.5429972410202026,-0.0051327659748494625,,0.490164577960968,0.574288010597229,-0.00915173627436161,,0.48291197419166565,0.5913967490196228,-0.008934635668992996,,0.4748937487602234,0.5909515023231506,-0.009748632088303566,,0.4567839205265045,0.5593998432159424,-0.010430180467665195,,0.48683178424835205,0.5876348614692688,-0.013015645556151867,,0.4792468547821045,0.6032896637916565,-0.009388785809278488,,0.4701901078224182,0.6043784618377686,-0.008005041629076004,,0.45712998509407043,0.5804492235183716,-0.016143450513482094,,0.48032042384147644,0.6006978154182434,-0.01653755083680153,,0.4741585850715637,0.6156512498855591,-0.013369085267186165,,0.4656194746494293,0.6186871528625488,-0.011708526872098446,,0.5579224824905396,0.7115651965141296,-2.3149742389705352e-07,,0.5284369587898254,0.6859620809555054,0.010533582419157028,,0.5032487511634827,0.6769266724586487,0.0113024041056633,,0.48635849356651306,0.686781108379364,0.007606493774801493,,0.47469884157180786,0.7031238079071045,0.003975358791649342,,0.48572927713394165,0.633533239364624,0.01775020733475685,,0.4632963538169861,0.671864926815033,0.01100478321313858,,0.47451281547546387,0.6825500726699829,0.0024801725521683693,,0.48734229803085327,0.679820716381073,-0.0027207278180867434,,0.4822884202003479,0.6451583504676819,0.00838304404169321,,0.46171754598617554,0.6851323246955872,0.004976077005267143,,0.47366759181022644,0.6961280703544617,0.000913402414880693,,0.4850653409957886,0.6907422542572021,-0.0019695768132805824,,0.481446772813797,0.6635216474533081,-0.001564513542689383,,0.4610949158668518,0.7009776830673218,-0.0031957465689629316,,0.4738335609436035,0.7133370041847229,-0.0017516287043690681,,0.48443344235420227,0.7054367661476135,-0.0013262390857562423,,0.48151981830596924,0.6859829425811768,-0.011394526809453964,,0.46287986636161804,0.7177922129631042,-0.011521645821630955,,0.4748428165912628,0.7288604974746704,-0.007485098671168089,,0.48583361506462097,0.724484920501709,-0.004243860486894846,
-0.13418762385845184,-0.5784246921539307,-0.1971653252840042,0.9994780421257019,-0.12259072810411453,-0.6223818063735962,-0.1965247392654419,0.9991092681884766,-0.12317826598882675,-0.6219519376754761,-0.19830068945884705,0.9991220235824585,-0.12285947799682617,-0.6220230460166931,-0.19591929018497467,0.9990600347518921,-0.1543498933315277,-0.6190933585166931,-0.18833227455615997,0.9990845322608948,-0.1524033397436142,-0.619732141494751,-0.18915310502052307,0.9991226196289062,-0.15299879014492035,-0.618598461151123,-0.18506570160388947,0.9990804195404053,-0.021927541121840477,-0.6362124085426331,-0.13159239292144775,0.9992033243179321,-0.1515103280544281,-0.6194629669189453,-0.07102106511592865,0.9989179968833923,-0.09351006895303726,-0.5591210126876831,-0.18047404289245605,0.999638020992279,-0.13160383701324463,-0.5526390671730042,-0.16149647533893585,0.9995797872543335,0.11959846317768097,-0.45673230290412903,-0.09441553801298141,0.9994024038314819,-0.17644132673740387,-0.42789509892463684,0.01715540513396263,0.9995084404945374,0.1344795823097229,-0.2340971827507019,-0.1884276270866394,0.9858660697937012,-0.23006296157836914,-0.205112025141716,-0.05433841049671173,0.9433900117874146,-0.0707683116197586,-0.2816097140312195,-0.3079893887042999,0.9368337988853455,-0.24645769596099854,-0.29823464155197144,-0.2459425926208496,0.9237235188484192,-0.1377648562192917,-0.2928465008735657,-0.346743643283844,0.9049271941184998,-0.2459331899881363,-0.32880696654319763,-0.28942155838012695,0.8877838850021362,-0.14783449470996857,-0.34130042791366577,-0.3317016661167145,0.9112173914909363,-0.2572203278541565,-0.3716791570186615,-0.2735922336578369,0.8921927809715271,-0.0936090499162674,-0.304996132850647,-0.30663639307022095,0.8999485373497009,-0.2428247481584549,-0.31784987449645996,-0.2475908249616623,0.8787567615509033,0.10440368950366974,-0.012690640985965729,-0.02516010031104088,0.4901100695133209,-0.10469919443130493,0.0056091733276844025,0.025873851031064987,0.49363625049591064,0.10059371590614319,-0.03203553333878517,-0.09010686725378036,0.06674257665872574,-0.1357872188091278,0.061333633959293365,-0.062135402113199234,0.06733151525259018,0.1365583837032318,0.22910720109939575,0.15223118662834167,0.018186358734965324,-0.07003665715456009,0.4318420886993408,0.1776583045721054,0.020125731825828552,0.13825774192810059,0.23951804637908936,0.1672254055738449,0.009354831650853157,-0.05747205764055252,0.4504813253879547,0.20440828800201416,0.014941636472940445,0.13899929821491241,0.2175157219171524,-0.04198441281914711,0.020602824166417122,-0.08748242259025574,0.485565185546875,0.01614353619515896,0.022745372727513313,26,1.084,0.42807522416114807,0.6627669334411621,-9.994311511718479e-08,,0.4436030983924866,0.6378178596496582,-0.0006012711091898382,,0.4664302170276642,0.6145322322845459,-0.004788583610206842,,0.4873770773410797,0.6108635663986206,-0.009865731000900269,,0.5028113126754761,0.6181178689002991,-0.013745865784585476,,0.46536311507225037,0.5670900344848633,-0.0044640363194048405,,0.4976087510585785,0.5904837250709534,-0.011966555379331112,,0.49187037348747253,0.6063115000724792,-0.016709599643945694,,0.481686532497406,0.6072600483894348,-0.02005878835916519,,0.4622175991535187,0.5828669667243958,-0.008926160633563995,,0.49551305174827576,0.6061716675758362,-0.01400737464427948,,0.48805364966392517,0.6183817982673645,-0.014167284592986107,,0.47865796089172363,0.616807222366333,-0.015055245719850063,,0.45984187722206116,0.6037624478340149,-0.01393306627869606,,0.4901023507118225,0.6243343949317932,-0.016426607966423035,,0.48297780752182007,0.6334587335586548,-0.012929113581776619,,0.47381049394607544,0.6309077143669128,-0.011518827639520168,,0.4577958285808563,0.6272319555282593,-0.019572988152503967,,0.4819311201572418,0.6406365036964417,-0.018432358279824257,,0.47651681303977966,0.646825909614563,-0.014694053679704666,,0.4684176445007324,0.6441568732261658,-0.013007080182433128,,0.5543810725212097,0.7328381538391113,-1.363940640430883e-07,,0.5266768932342529,0.7029033303260803,0.008686958812177181,,0.500087559223175,0.6913689970970154,0.009010927751660347,,0.48254042863845825,0.704034149646759,0.005937220994383097,,0.47262445092201233,0.7231492400169373,0.0032331745605915785,,0.4849739074707031,0.6567422747612,0.01357206329703331,,0.4622819423675537,0.7033723592758179,0.007389952894300222,,0.47128018736839294,0.7093660831451416,5.977035471005365e-05,,0.48055124282836914,0.7004547715187073,-0.004225884098559618,,0.4812026619911194,0.6733300089836121,0.005650133825838566,,0.46165382862091064,0.7190963625907898,0.003403259441256523,,0.4704777002334595,0.7244807481765747,0.0005899053649045527,,0.4787483215332031,0.7152709364891052,-0.0017009045695886016,,0.47981131076812744,0.6956897974014282,-0.002633213996887207,,0.4617478549480438,0.7353138327598572,-0.0016441020416095853,,0.4712773263454437,0.7409782409667969,0.0009292804752476513,,0.47838151454925537,0.7292975783348083,0.0013779172440990806,,0.47994184494018555,0.7204625010490417,-0.011144919320940971,,0.46537724137306213,0.7509253025054932,-0.008987784385681152,,0.47465598583221436,0.7558053135871887,-0.0046474263072013855,,0.4821493327617645,0.748683512210846,-0.0015740226954221725,
-0.12573443353176117,-0.5819327235221863,-0.1931091845035553,0.9994674921035767,-0.11361058056354523,-0.6253112554550171,-0.1923234611749649,0.999100923538208,-0.11420570313930511,-0.6248824000358582,-0.1941305696964264,0.9991119503974915,-0.11387427151203156,-0.6249613761901855,-0.19174236059188843,0.999049961566925,-0.1447097361087799,-0.6222086548805237,-0.1844455897808075,0.9990787506103516,-0.14277034997940063,-0.6228639483451843,-0.1852312833070755,0.9991151094436646,-0.14336788654327393,-0.6217373013496399,-0.18111321330070496,0.9990769028663635,-0.01525374036282301,-0.6365358233451843,-0.128170445561409,0.9992100596427917,-0.1423117071390152,-0.620086669921875,-0.06852854788303375,0.9989338517189026,-0.08647453039884567,-0.5613470077514648,-0.17675183713436127,0.9996345639228821,-0.12383674830198288,-0.5550599098205566,-0.15795037150382996,0.9995770454406738,0.12259290367364883,-0.45674586296081543,-0.09218587726354599,0.9994062781333923,-0.16892315447330475,-0.427878201007843,0.01893005147576332,0.9994999170303345,0.13561628758907318,-0.2373465597629547,-0.18775872886180878,0.9867599606513977,-0.21573825180530548,-0.204049214720726,-0.04740715026855469,0.9442301392555237,-0.07762451469898224,-0.2835712134838104,-0.3077550232410431,0.9423136711120605,-0.24719767272472382,-0.27868449687957764,-0.2374134063720703,0.9286629557609558,-0.14754408597946167,-0.29332801699638367,-0.34672483801841736,0.9101926684379578,-0.2516997158527374,-0.3030965328216553,-0.28031525015830994,0.8909164071083069,-0.15979556739330292,-0.3417365550994873,-0.33144253492355347,0.9157748818397522,-0.26384299993515015,-0.3411481976509094,-0.2667734920978546,0.8952874541282654,-0.10187193006277084,-0.30656570196151733,-0.30637454986572266,0.9044803977012634,-0.24460598826408386,-0.2953304052352905,-0.24015577137470245,0.8815045952796936,0.10434651374816895,-0.012287739664316177,-0.02517818659543991,0.5005165338516235,-0.10457827150821686,0.005294238217175007,0.025902630761265755,0.5010266900062561,0.09806445240974426,-0.03210235759615898,-0.09412351995706558,0.0638374611735344,-0.13551023602485657,0.05583258718252182,-0.06370307505130768,0.06520999222993851,0.13037104904651642,0.22943270206451416,0.15218959748744965,0.017667658627033234,-0.07010436058044434,0.4289056360721588,0.1705695390701294,0.019577980041503906,0.13160833716392517,0.24046333134174347,0.16732431948184967,0.009392683394253254,-0.057628240436315536,0.4479806423187256,0.19725529849529266,0.015020598657429218,0.13165341317653656,0.21776483952999115,-0.04169148579239845,0.02012031339108944,-0.08752376586198807,0.48250001668930054,0.010845574550330639,0.02237081155180931,27,1.126,0.42903488874435425,0.6967995166778564,-6.638043004159044e-08,,0.44261398911476135,0.663396418094635,0.0003874835092574358,,0.4668695330619812,0.637796938419342,-0.004840724170207977,,0.4906587600708008,0.6378695964813232,-0.011178809218108654,,0.5063850283622742,0.6529437303543091,-0.016416165977716446,,0.4662635326385498,0.5966188907623291,-0.007057757116854191,,0.4991612136363983,0.6175147891044617,-0.015090919099748135,,0.4959236979484558,0.6329336762428284,-0.020052950829267502,,0.48745012283325195,0.6365417242050171,-0.023351619020104408,,0.46442878246307373,0.6132656335830688,-0.012609048746526241,,0.49896135926246643,0.6319432854652405,-0.01820746622979641,,0.493742972612381,0.643033504486084,-0.018588770180940628,,0.4837755560874939,0.6435019969940186,-0.019336985424160957,,0.463409423828125,0.6352421641349792,-0.018363697454333305,,0.4959737956523895,0.6488838791847229,-0.02085915021598339,,0.491590291261673,0.6579673290252686,-0.016816232353448868,,0.48296117782592773,0.657867431640625,-0.014695635065436363,,0.46232685446739197,0.6605170965194702,-0.024521993473172188,,0.48768678307533264,0.6660372614860535,-0.022769484668970108,,0.48548251390457153,0.6732577681541443,-0.017601024359464645,,0.4790494441986084,0.6738453507423401,-0.014704855158925056,,0.5348749160766602,0.7385441064834595,-1.9461234046502796e-07,,0.5103558301925659,0.7088008522987366,0.003202141495421529,,0.4834028482437134,0.7008024454116821,-0.0020971731282770634,,0.46404796838760376,0.7201590538024902,-0.009857765398919582,,0.45387792587280273,0.7450330257415771,-0.017718002200126648,,0.47105926275253296,0.666540801525116,-0.003435211256146431,,0.4337463676929474,0.7065029144287109,-0.015758654102683067,,0.43243297934532166,0.7252883911132812,-0.02418236806988716,,0.4393140971660614,0.7317579388618469,-0.028519025072455406,,0.4703873097896576,0.6852954626083374,-0.010375923477113247,,0.4458819627761841,0.7466223835945129,-0.020519690588116646,,0.45851707458496094,0.7540194988250732,-0.023303739726543427,,0.47002583742141724,0.7421303391456604,-0.024877164512872696,,0.472567617893219,0.7112511396408081,-0.017750855535268784,,0.4533275067806244,0.7679153680801392,-0.02362379990518093,,0.4653678238391876,0.7729156613349915,-0.02027113176882267,,0.47420936822891235,0.7578964233398438,-0.01867034286260605,,0.47563275694847107,0.7399789690971375,-0.025295346975326538,,0.46022358536720276,0.7857019305229187,-0.028198273852467537,,0.47044017910957336,0.7887904047966003,-0.02438032440841198,,0.47843995690345764,0.7768568992614746,-0.02139505185186863,
-0.12065359205007553,-0.5951310992240906,-0.18830446898937225,0.9994695782661438,-0.10746285319328308,-0.6373398303985596,-0.18602652847766876,0.999111533164978,-0.10803897678852081,-0.6369221806526184,-0.18778672814369202,0.9991225004196167,-0.10773525387048721,-0.6369895339012146,-0.18541908264160156,0.9990605711936951,-0.13914544880390167,-0.6347227096557617,-0.17865687608718872,0.999092161655426,-0.1371862292289734,-0.6353762149810791,-0.17949482798576355,0.9991283416748047,-0.13781902194023132,-0.6342843770980835,-0.1753479689359665,0.999092161655426,-0.009619253687560558,-0.6413690447807312,-0.11902095377445221,0.9992282390594482,-0.1386648565530777,-0.6265841126441956,-0.06214894726872444,0.9989706873893738,-0.08203981816768646,-0.5714739561080933,-0.17121224105358124,0.9996383190155029,-0.12001378834247589,-0.5657310485839844,-0.15312983095645905,0.9995824694633484,0.12403606623411179,-0.45831072330474854,-0.08816298097372055,0.9993981719017029,-0.16644248366355896,-0.42970067262649536,0.024359464645385742,0.9994800090789795,0.13571617007255554,-0.24062277376651764,-0.18313856422901154,0.9876440167427063,-0.21082574129104614,-0.20455655455589294,-0.037253569811582565,0.9454644918441772,-0.08478883653879166,-0.277864933013916,-0.3059569001197815,0.9472891688346863,-0.24345113337039948,-0.24782878160476685,-0.230882927775383,0.9326833486557007,-0.15560422837734222,-0.27889251708984375,-0.3461817800998688,0.9149924516677856,-0.2493007332086563,-0.2580892741680145,-0.27622127532958984,0.8922437429428101,-0.17023995518684387,-0.32634392380714417,-0.33106306195259094,0.9199960231781006,-0.2571524977684021,-0.2935248911380768,-0.2655130922794342,0.8969017267227173,-0.1099228709936142,-0.29907864332199097,-0.3052160143852234,0.9089421629905701,-0.23976121842861176,-0.26128166913986206,-0.23526370525360107,0.8835192322731018,0.10424033552408218,-0.01214198861271143,-0.02537628449499607,0.5177356004714966,-0.10445409268140793,0.005255988333374262,0.02607681229710579,0.5145015120506287,0.09785296767950058,-0.017817148938775063,-0.09398109465837479,0.06142279878258705,-0.13446742296218872,0.059506092220544815,-0.05780225247144699,0.06293658912181854,0.13010206818580627,0.2554047703742981,0.15223821997642517,0.017355334013700485,-0.06731417775154114,0.4339609444141388,0.1778481900691986,0.01905125007033348,0.13129717111587524,0.26911571621894836,0.1673905998468399,0.009438995271921158,-0.05483812838792801,0.45458531379699707,0.20443397760391235,0.015068745240569115,0.12980124354362488,0.2513332962989807,-0.03893114626407623,0.019686169922351837,-0.08628775924444199,0.4925985038280487,0.02358044870197773,0.021845590323209763,28,1.167,,,,,,,,,,,,,,,,,,,,,,,,,,,,,,,,,,,,,,,,,,,,,,,,,,,,,,,,,,,,,,,,,,,,,,,,,,,,,,,,,,,,,0.5381365418434143,0.7766355872154236,-1.636852147157697e-07,,0.5121268033981323,0.7402942776679993,0.003437890438362956,,0.4848563075065613,0.7294207811355591,-0.0009026394109241664,,0.4650050401687622,0.750906229019165,-0.007248772773891687,,0.4558083713054657,0.7821044325828552,-0.013633612543344498,,0.47511208057403564,0.6938668489456177,-0.004175900015980005,,0.4398140609264374,0.7479365468025208,-0.01606135442852974,,0.4471491277217865,0.7650697827339172,-0.02418004348874092,,0.45927661657333374,0.7630618810653687,-0.028300641104578972,,0.4715844690799713,0.7179519534111023,-0.0107928067445755,,0.44445115327835083,0.7755296230316162,-0.019286461174488068,,0.456672340631485,0.7860994935035706,-0.02212095446884632,,0.468932181596756,0.77736496925354,-0.023883618414402008,,0.4706985652446747,0.7492199540138245,-0.01748349890112877,,0.44899630546569824,0.8018078804016113,-0.0228937529027462,,0.46181419491767883,0.8104165196418762,-0.019885485991835594,,0.4723142981529236,0.7995390892028809,-0.018248993903398514,,0.4709555208683014,0.7848963141441345,-0.02415091171860695,,0.4549684524536133,0.8247814178466797,-0.027226530015468597,,0.4671255350112915,0.8301997184753418,-0.023315567523241043,,0.476543664932251,0.8210630416870117,-0.01993233524262905,
-0.11438746005296707,-0.607998788356781,-0.1869078278541565,0.9994805455207825,-0.1001029685139656,-0.6492030024528503,-0.18412943184375763,0.9991329312324524,-0.10064910352230072,-0.6487939953804016,-0.1858576089143753,0.9991428852081299,-0.10036144405603409,-0.6488386988639832,-0.1835387796163559,0.9990808367729187,-0.1322372406721115,-0.6477195024490356,-0.17724211513996124,0.9991188645362854,-0.13026535511016846,-0.6483827233314514,-0.17811158299446106,0.9991546869277954,-0.13093885779380798,-0.6473376154899597,-0.1739521026611328,0.9991201758384705,-0.0032083592377603054,-0.648201048374176,-0.11466865241527557,0.9992527961730957,-0.13418073952198029,-0.6382749676704407,-0.060694996267557144,0.9990172982215881,-0.07697377353906631,-0.5826064944267273,-0.16894643008708954,0.999642550945282,-0.11547030508518219,-0.578248143196106,-0.1517113447189331,0.9995905756950378,0.12597432732582092,-0.4611503779888153,-0.08471864461898804,0.9993636012077332,-0.16472643613815308,-0.4401507079601288,0.026463855057954788,0.9994454979896545,0.14054402709007263,-0.23951567709445953,-0.16751641035079956,0.9881694316864014,-0.2114461362361908,-0.21392303705215454,-0.03629102185368538,0.944358229637146,-0.08401253819465637,-0.2461457997560501,-0.27956753969192505,0.9510924816131592,-0.23014014959335327,-0.2497270554304123,-0.23097403347492218,0.9334845542907715,-0.1543799787759781,-0.23925305902957916,-0.3210783004760742,0.9169245362281799,-0.2305457890033722,-0.2591829299926758,-0.2772028148174286,0.8873885869979858,-0.16934141516685486,-0.28602683544158936,-0.30936846137046814,0.9214408993721008,-0.2322145700454712,-0.2948787212371826,-0.2659376263618469,0.8925831913948059,-0.10893905907869339,-0.26593056321144104,-0.2800635099411011,0.9102493524551392,-0.22368814051151276,-0.2634142339229584,-0.23499643802642822,0.8793292045593262,0.10409198701381683,-0.012138303369283676,-0.02538210153579712,0.5272164344787598,-0.10435614734888077,0.005257848184555769,0.026082880795001984,0.5209957957267761,0.09783361852169037,-0.006431839428842068,-0.08784067630767822,0.05901925638318062,-0.131910502910614,0.0814615935087204,-0.05127163231372833,0.06048452854156494,0.13075196743011475,0.26327964663505554,0.1551634669303894,0.016947243362665176,-0.0659567192196846,0.437832772731781,0.18480253219604492,0.01845581829547882,0.13178882002830505,0.2772058844566345,0.17073224484920502,0.009393708780407906,-0.05373452231287956,0.45860087871551514,0.21094805002212524,0.015071383677423,0.13047052919864655,0.2670861780643463,-0.03125584498047829,0.0192069374024868,-0.08623937517404556,0.5043848752975464,0.032461196184158325,0.021308818832039833,29,1.209,,,,,,,,,,,,,,,,,,,,,,,,,,,,,,,,,,,,,,,,,,,,,,,,,,,,,,,,,,,,,,,,,,,,,,,,,,,,,,,,,,,,,0.5293236374855042,0.8107542395591736,-9.682342039241121e-08,,0.5105491280555725,0.7659624218940735,-0.004198912996798754,,0.483503133058548,0.7426021695137024,-0.011647040024399757,,0.45791465044021606,0.7588845491409302,-0.018286770209670067,,0.44284510612487793,0.7891948819160461,-0.02555154077708721,,0.47103139758110046,0.7158843278884888,-0.020970802754163742,,0.43138641119003296,0.7612308859825134,-0.031338293105363846,,0.42687079310417175,0.7957337498664856,-0.0367104709148407,,0.4304068684577942,0.8106921911239624,-0.03992835432291031,,0.467071533203125,0.7524009943008423,-0.02348610758781433,,0.43535366654396057,0.799811065196991,-0.03166550025343895,,0.44387108087539673,0.821035623550415,-0.03200832009315491,,0.4562549591064453,0.8209280967712402,-0.032827891409397125,,0.46592384576797485,0.7948077321052551,-0.025482259690761566,,0.4404889941215515,0.8366483449935913,-0.031503450125455856,,0.4503786563873291,0.8490750789642334,-0.027256298810243607,,0.4626283049583435,0.8448247313499451,-0.02526790462434292,,0.4663141071796417,0.8386478424072266,-0.027574369683861732,,0.4483628571033478,0.8694626688957214,-0.032826557755470276,,0.4588411748409271,0.8756112456321716,-0.02936728671193123,,0.469589501619339,0.8694382905960083,-0.026387544348835945,
-0.10388048738241196,-0.6054062843322754,-0.2232550084590912,0.9993823170661926,-0.09196746349334717,-0.6467317938804626,-0.2185066193342209,0.9990230202674866,-0.09243474155664444,-0.6463508605957031,-0.2203197330236435,0.9990406632423401,-0.09207897633314133,-0.6464149355888367,-0.21816547214984894,0.9989731311798096,-0.12533211708068848,-0.6447277069091797,-0.21298080682754517,0.9990295171737671,-0.12336230278015137,-0.6454852223396301,-0.21368904411792755,0.999072790145874,-0.1240788996219635,-0.6445409059524536,-0.20958837866783142,0.999048113822937,0.004082519095391035,-0.6477441787719727,-0.13933522999286652,0.9991401433944702,-0.13175834715366364,-0.6375190615653992,-0.09376028180122375,0.9989792108535767,-0.06626763939857483,-0.58220374584198,-0.2013038843870163,0.999592125415802,-0.10609640181064606,-0.5773749947547913,-0.18726670742034912,0.999546468257904,0.13403292000293732,-0.46106570959091187,-0.10242803394794464,0.9992577433586121,-0.16226808726787567,-0.44078168272972107,-0.02231624908745289,0.9994068145751953,0.12914805114269257,-0.2328363060951233,-0.1556263267993927,0.9859343767166138,-0.1781030297279358,-0.20419371128082275,-0.052636273205280304,0.9417676329612732,-0.13202568888664246,-0.18862707912921906,-0.2255578190088272,0.9458443522453308,-0.01702793873846531,-0.16441024839878082,-0.22316065430641174,0.9196964502334595,-0.2081945389509201,-0.17329660058021545,-0.2695554792881012,0.9020968675613403,0.025082362815737724,-0.15600301325321198,-0.2702547311782837,0.8631835579872131,-0.23062172532081604,-0.2225549966096878,-0.26376423239707947,0.9068962931632996,0.04209926351904869,-0.20075000822544098,-0.2580941617488861,0.8698444366455078,-0.15951886773109436,-0.2071601152420044,-0.22801637649536133,0.8931505084037781,0.004719884600490332,-0.17784103751182556,-0.22438940405845642,0.8546101450920105,0.10410052537918091,-0.01219272706657648,-0.02148505486547947,0.4965977966785431,-0.10446401685476303,0.005144881550222635,0.02250376157462597,0.49199050664901733,0.08718138933181763,-0.00537838926538825,-0.08184778690338135,0.05759528651833534,-0.1327124387025833,0.11916179955005646,-0.06074700132012367,0.06018425524234772,0.10198010504245758,0.2620883285999298,0.15953944623470306,0.016226597130298615,-0.10460912436246872,0.4434067904949188,0.16620992124080658,0.018070155754685402,0.10063178837299347,0.2760756313800812,0.17873729765415192,0.009255537763237953,-0.09783878177404404,0.4629620611667633,0.19173483550548553,0.014953388832509518,0.1139771044254303,0.261957049369812,-0.011250457726418972,0.01859918050467968,-0.1343718320131302,0.5184553861618042,0.014442925341427326,0.02113180048763752,30,1.251,,,,,,,,,,,,,,,,,,,,,,,,,,,,,,,,,,,,,,,,,,,,,,,,,,,,,,,,,,,,,,,,,,,,,,,,,,,,,,,,,,,,,0.5338976979255676,0.9119084477424622,-2.0165538217042922e-07,,0.49990054965019226,0.8680188655853271,0.004298267420381308,,0.4648194909095764,0.8693253397941589,0.004372393246740103,,0.4430443048477173,0.8976617455482483,0.0028640420641750097,,0.4371108412742615,0.9359151721000671,0.0010718314442783594,,0.44459134340286255,0.853548526763916,0.000856303668115288,,0.41741907596588135,0.9164438247680664,-0.00552373705431819,,0.42810365557670593,0.9333533644676208,-0.010286546312272549,,0.43991518020629883,0.9267259836196899,-0.012889078818261623,,0.4456213712692261,0.8896051645278931,-0.004017414525151253,,0.4234720766544342,0.9503322839736938,-0.0075223627500236034,,0.4364563822746277,0.958973228931427,-0.008204104378819466,,0.44724732637405396,0.9456315040588379,-0.008783522993326187,,0.4514138996601105,0.9289790391921997,-0.00876818597316742,,0.4326585531234741,0.9812468886375427,-0.010713553056120872,,0.4467165470123291,0.9845260381698608,-0.006796049419790506,,0.4560151696205139,0.9701600670814514,-0.004896120168268681,,0.4610339105129242,0.9683090448379517,-0.013357001356780529,,0.44822970032691956,1.0011682510375977,-0.015202836133539677,,0.46177369356155396,1.0001165866851807,-0.010763274505734444,,0.47156694531440735,0.9888828992843628,-0.006929970346391201,
-0.09932558983564377,-0.6079652309417725,-0.20546042919158936,0.9993791580200195,-0.08514545857906342,-0.6490089893341064,-0.2024328112602234,0.999030351638794,-0.08560855686664581,-0.6486286520957947,-0.20416483283042908,0.9990432858467102,-0.08530434966087341,-0.6486706733703613,-0.2020489126443863,0.998971164226532,-0.11796896904706955,-0.6483011841773987,-0.19603674113750458,0.9990535378456116,-0.11599531024694443,-0.6490535736083984,-0.19684799015522003,0.9991007447242737,-0.11671753972768784,-0.6480996608734131,-0.1926862895488739,0.9990783333778381,0.013499841094017029,-0.650391161441803,-0.13040146231651306,0.9991238713264465,-0.12066970765590668,-0.6461441516876221,-0.08082985132932663,0.9990179538726807,-0.061974260956048965,-0.585037350654602,-0.1850903481245041,0.9995617866516113,-0.10108338296413422,-0.5817641019821167,-0.1702696830034256,0.9995273947715759,0.14240744709968567,-0.46194615960121155,-0.10237357765436172,0.9990224242210388,-0.1575893759727478,-0.4531453251838684,-0.010122383013367653,0.9993301033973694,0.130476713180542,-0.22192199528217316,-0.1491541862487793,0.9844345450401306,-0.18037159740924835,-0.21083278954029083,-0.03808837756514549,0.9310638308525085,-0.12065225839614868,-0.15195295214653015,-0.21173636615276337,0.9448623657226562,-0.10490338504314423,-0.14356417953968048,-0.21171259880065918,0.9033411145210266,-0.19710460305213928,-0.121047742664814,-0.24930879473686218,0.8944846391677856,-0.08659535646438599,-0.117866151034832,-0.25550204515457153,0.8382145166397095,-0.2119464874267578,-0.16348667442798615,-0.24894462525844574,0.9000537991523743,-0.08199719339609146,-0.14225375652313232,-0.25082826614379883,0.8493025898933411,-0.14673513174057007,-0.16559967398643494,-0.2155424803495407,0.8857754468917847,-0.09203597903251648,-0.14646215736865997,-0.2159024327993393,0.8356234431266785,0.10403691232204437,-0.012205110862851143,-0.021369673311710358,0.488749623298645,-0.10445788502693176,0.005131746642291546,0.02237209677696228,0.4872748851776123,0.06945972889661789,0.01513516902923584,-0.08254789561033249,0.054730720818042755,-0.14872147142887115,0.13156527280807495,-0.056569553911685944,0.057662706822156906,0.06997265666723251,0.27476415038108826,0.14673875272274017,0.015601213090121746,-0.14051812887191772,0.4550127685070038,0.14951692521572113,0.01753426156938076,0.06603516638278961,0.28910788893699646,0.1650322526693344,0.009080532006919384,-0.1344098001718521,0.4754053056240082,0.17198453843593597,0.014474289491772652,0.0649280846118927,0.2871863842010498,-0.01780126430094242,0.018083639442920685,-0.17663654685020447,0.5337262153625488,-0.0014458278892561793,0.02073204331099987,31,1.292,,,,,,,,,,,,,,,,,,,,,,,,,,,,,,,,,,,,,,,,,,,,,,,,,,,,,,,,,,,,,,,,,,,,,,,,,,,,,,,,,,,,,,,,,,,,,,,,,,,,,,,,,,,,,,,,,,,,,,,,,,,,,,,,,,,,,,,,,,,,,,,,,,,,,,,,,,,,,,,,,,,,,,,,
-0.09366939216852188,-0.6064167022705078,-0.2246377021074295,0.9993801712989807,-0.0769524872303009,-0.647880494594574,-0.22271257638931274,0.9990366697311401,-0.07741362601518631,-0.6474989056587219,-0.22443123161792755,0.9990475177764893,-0.07709875702857971,-0.6475625038146973,-0.2223956286907196,0.9989656209945679,-0.11085204780101776,-0.6467334032058716,-0.21490396559238434,0.9990718364715576,-0.10887866467237473,-0.6474742293357849,-0.2154887169599533,0.9991252422332764,-0.10955189168453217,-0.6464998126029968,-0.2113637924194336,0.9991018772125244,0.025872282683849335,-0.6489620804786682,-0.15340618789196014,0.9991005659103394,-0.1115335151553154,-0.6449135541915894,-0.09482697397470474,0.9990460276603699,-0.0562450997531414,-0.5837885141372681,-0.2049662470817566,0.9995514154434204,-0.09609614312648773,-0.5801640748977661,-0.18765707314014435,0.9995222687721252,0.1506377011537552,-0.4583323001861572,-0.13374443352222443,0.9988445043563843,-0.1559540331363678,-0.4518687427043915,-0.01627168618142605,0.9992457032203674,0.13067322969436646,-0.2099435031414032,-0.16143235564231873,0.980888307094574,-0.18353180587291718,-0.20920221507549286,-0.038632944226264954,0.913250744342804,-0.08412465453147888,-0.11239613592624664,-0.22583748400211334,0.9294623732566833,-0.11464343219995499,-0.10224917531013489,-0.21374136209487915,0.8660466074943542,-0.1385396122932434,-0.06929606944322586,-0.26652222871780396,0.8675034046173096,-0.094691701233387,-0.06465902924537659,-0.25694960355758667,0.7969890832901001,-0.16524499654769897,-0.09985164552927017,-0.25987017154693604,0.8779866099357605,-0.10522937774658203,-0.07387770712375641,-0.25664079189300537,0.8157813549041748,-0.1105869710445404,-0.1178729459643364,-0.2187906801700592,0.8604803681373596,-0.10830438882112503,-0.09616082161664963,-0.22032734751701355,0.8009240627288818,0.10382445156574249,-0.0125916488468647,-0.021586991846561432,0.4557906985282898,-0.10423921048641205,0.005297958850860596,0.022686373442411423,0.45466282963752747,0.05254439637064934,0.014225993305444717,-0.09279730916023254,0.05405138432979584,-0.15151387453079224,0.13344848155975342,-0.0562090165913105,0.056744031608104706,0.06484697014093399,0.27811893820762634,0.14180834591388702,0.01567925326526165,-0.15217344462871552,0.45764485001564026,0.15339012444019318,0.0175199992954731,0.060914475470781326,0.2931497395038605,0.16169779002666473,0.009235243313014507,-0.14798864722251892,0.47726795077323914,0.17449010908603668,0.01414225623011589,0.06066924333572388,0.2854466140270233,-0.03573489189147949,0.018260665237903595,-0.1955416351556778,0.5305709838867188,0.005312586203217506,0.020676275715231895,32,1.334,,,,,,,,,,,,,,,,,,,,,,,,,,,,,,,,,,,,,,,,,,,,,,,,,,,,,,,,,,,,,,,,,,,,,,,,,,,,,,,,,,,,,,,,,,,,,,,,,,,,,,,,,,,,,,,,,,,,,,,,,,,,,,,,,,,,,,,,,,,,,,,,,,,,,,,,,,,,,,,,,,,,,,,,
-0.09283017367124557,-0.6067655682563782,-0.2605341672897339,0.9992778301239014,-0.07472950220108032,-0.6473507285118103,-0.258411169052124,0.9988886117935181,-0.07517512887716293,-0.6469778418540955,-0.2602824866771698,0.9989029765129089,-0.07479889690876007,-0.6470363140106201,-0.2582884728908539,0.9987953305244446,-0.10973861068487167,-0.6467431783676147,-0.24904197454452515,0.998948872089386,-0.1077493205666542,-0.6475358605384827,-0.24929305911064148,0.9990313649177551,-0.10837791860103607,-0.6465733051300049,-0.24533213675022125,0.999005138874054,0.031526632606983185,-0.6480168104171753,-0.1841137409210205,0.9989286065101624,-0.11063487082719803,-0.6440288424491882,-0.12070085108280182,0.9989273548126221,-0.05526670813560486,-0.5835071802139282,-0.23967523872852325,0.9994680285453796,-0.09603973478078842,-0.5803412795066833,-0.22086717188358307,0.9994454979896545,0.1520312875509262,-0.45688414573669434,-0.15895529091358185,0.9986456632614136,-0.15682046115398407,-0.45089277625083923,-0.03158552572131157,0.9991384744644165,0.13089527189731598,-0.21058329939842224,-0.17634302377700806,0.9772748947143555,-0.18396425247192383,-0.20696790516376495,-0.03888990357518196,0.8934435844421387,-0.0645584985613823,-0.09410285204648972,-0.23923182487487793,0.9072851538658142,-0.1642938256263733,-0.09629439562559128,-0.21786397695541382,0.8280985951423645,-0.11367256194353104,-0.04712129011750221,-0.27261659502983093,0.8397589325904846,-0.161660298705101,-0.0608549490571022,-0.2587783634662628,0.7621209621429443,-0.14627045392990112,-0.07557541877031326,-0.2996078431606293,0.855333149433136,-0.1611035168170929,-0.0743081197142601,-0.27443596720695496,0.787127673625946,-0.09371941536664963,-0.09653132408857346,-0.25009477138519287,0.832988977432251,-0.15576420724391937,-0.09060405194759369,-0.2320151925086975,0.7694792151451111,0.1034884825348854,-0.012594720348715782,-0.02230856381356716,0.42487749457359314,-0.10399062931537628,0.005083140917122364,0.023684877902269363,0.42476406693458557,0.051564738154411316,0.028019102290272713,-0.09226930886507034,0.06530793011188507,-0.1438080370426178,0.1549946367740631,-0.05625564232468605,0.06616437435150146,0.06709915399551392,0.2969522774219513,0.1376679241657257,0.01774425059556961,-0.14490710198879242,0.4622141420841217,0.15089651942253113,0.020984498783946037,0.06358657032251358,0.3148438334465027,0.15786641836166382,0.009914418682456017,-0.14221805334091187,0.48116034269332886,0.17446057498455048,0.0152000542730093,0.07186870276927948,0.30754977464675903,-0.03695830702781677,0.021046435460448265,-0.19212791323661804,0.52849942445755,0.0057761589996516705,0.024440813809633255,33,1.376,,,,,,,,,,,,,,,,,,,,,,,,,,,,,,,,,,,,,,,,,,,,,,,,,,,,,,,,,,,,,,,,,,,,,,,,,,,,,,,,,,,,,,,,,,,,,,,,,,,,,,,,,,,,,,,,,,,,,,,,,,,,,,,,,,,,,,,,,,,,,,,,,,,,,,,,,,,,,,,,,,,,,,,,
-0.09410867840051651,-0.6060618758201599,-0.27580857276916504,0.9990618824958801,-0.07500451058149338,-0.6469639539718628,-0.2752525210380554,0.9985536336898804,-0.07542409002780914,-0.6466244459152222,-0.27711308002471924,0.9986167550086975,-0.07503127306699753,-0.6467161178588867,-0.275160551071167,0.9984927773475647,-0.11000967770814896,-0.6461186408996582,-0.26445674896240234,0.9985536932945251,-0.1080118715763092,-0.6468923091888428,-0.2645672559738159,0.9986710548400879,-0.10864127427339554,-0.6459181308746338,-0.2606908082962036,0.9986112117767334,0.03276422247290611,-0.6416833400726318,-0.2047671675682068,0.9986344575881958,-0.10874705761671066,-0.643396258354187,-0.13394732773303986,0.9983800053596497,-0.056495551019907,-0.5831292867660522,-0.25603142380714417,0.9993161559104919,-0.09706217050552368,-0.5796295404434204,-0.23514744639396667,0.9992498159408569,0.15076231956481934,-0.4521373212337494,-0.17605331540107727,0.9985952377319336,-0.15706783533096313,-0.4502512216567993,-0.04638850688934326,0.9990512132644653,0.1376301497220993,-0.21045561134815216,-0.1848721206188202,0.9754595756530762,-0.18607287108898163,-0.20852890610694885,-0.026031795889139175,0.8780136704444885,0.03893702104687691,-0.05259458348155022,-0.24172736704349518,0.8864228129386902,-0.21055179834365845,-0.0649595633149147,-0.15475411713123322,0.7936387062072754,0.019517462700605392,0.0022955879103392363,-0.2780393064022064,0.8144404888153076,-0.21962888538837433,-0.01620517484843731,-0.1775834858417511,0.7287890315055847,-0.014215262606739998,-0.008842232637107372,-0.3129177987575531,0.835265040397644,-0.2145911604166031,-0.020267905667424202,-0.21374645829200745,0.7582232356071472,0.014352230355143547,-0.045317795127630234,-0.2591821253299713,0.8103742599487305,-0.2017911821603775,-0.0516902357339859,-0.17413556575775146,0.7410422563552856,0.10256471484899521,-0.011480324901640415,-0.024999210610985756,0.40101778507232666,-0.10300532728433609,0.0037310849875211716,0.026568088680505753,0.40305283665657043,0.054865799844264984,0.04109422490000725,-0.09097861498594284,0.07303228974342346,-0.1250683069229126,0.15316413342952728,-0.0648217722773552,0.07376368343830109,0.06793907284736633,0.3106096088886261,0.13127750158309937,0.01852043718099594,-0.13470908999443054,0.48137885332107544,0.14149409532546997,0.023952502757310867,0.06445742398500443,0.3293114900588989,0.15109208226203918,0.009890995919704437,-0.14008267223834991,0.5024697184562683,0.1674639731645584,0.016300763934850693,0.07550674676895142,0.3231377899646759,-0.03683805465698242,0.02202443964779377,-0.1797892302274704,0.5300538539886475,0.0065365987829864025,0.027060091495513916,34,1.418,,,,,,,,,,,,,,,,,,,,,,,,,,,,,,,,,,,,,,,,,,,,,,,,,,,,,,,,,,,,,,,,,,,,,,,,,,,,,,,,,,,,,,,,,,,,,,,,,,,,,,,,,,,,,,,,,,,,,,,,,,,,,,,,,,,,,,,,,,,,,,,,,,,,,,,,,,,,,,,,,,,,,,,,
-0.09403503686189651,-0.6055206060409546,-0.28639811277389526,0.9988898634910583,-0.07323185354471207,-0.644612729549408,-0.28568339347839355,0.9982828497886658,-0.07362233102321625,-0.6442920565605164,-0.28751733899116516,0.9983952641487122,-0.07320857793092728,-0.6443880200386047,-0.28560197353363037,0.9982500076293945,-0.10883179306983948,-0.6450427174568176,-0.2752997875213623,0.9982278943061829,-0.10682760924100876,-0.6458512544631958,-0.27536773681640625,0.9983766078948975,-0.10745840519666672,-0.6448869109153748,-0.2715202271938324,0.9982730150222778,0.03501221537590027,-0.6355231404304504,-0.21285124123096466,0.998394250869751,-0.10821650922298431,-0.6413712501525879,-0.14281581342220306,0.9979243278503418,-0.0567600317299366,-0.5814032554626465,-0.26542186737060547,0.9991907477378845,-0.09753208607435226,-0.5792006850242615,-0.24478161334991455,0.999076783657074,0.14989832043647766,-0.4475025236606598,-0.17865736782550812,0.998542845249176,-0.1575969010591507,-0.44983088970184326,-0.056975480169057846,0.9989580512046814,0.1402670294046402,-0.20575596392154694,-0.1857161819934845,0.9713118672370911,-0.18753966689109802,-0.2086096554994583,-0.02577623352408409,0.8602202534675598,0.06431365758180618,-0.04418536648154259,-0.24379679560661316,0.8513912558555603,-0.21494342386722565,-0.05873458832502365,-0.14964444935321808,0.751176655292511,0.049378540366888046,0.01015468779951334,-0.281560480594635,0.776932954788208,-0.22236308455467224,-0.008551218546926975,-0.1703520119190216,0.688683807849884,0.018161484971642494,0.001995064551010728,-0.3192315697669983,0.8040450215339661,-0.21657589077949524,-0.009567663073539734,-0.2071884423494339,0.722125232219696,0.041493579745292664,-0.03572121635079384,-0.265016108751297,0.7768384218215942,-0.20545321702957153,-0.04394170269370079,-0.16911904513835907,0.7056031823158264,0.1020728126168251,-0.010934324003756046,-0.025922497734427452,0.3750825822353363,-0.1023910641670227,0.0031105936504900455,0.02757834456861019,0.37845298647880554,0.05604609102010727,0.03850504755973816,-0.09075222164392471,0.07813522964715958,-0.11628510802984238,0.151137113571167,-0.06963098794221878,0.07794921100139618,0.07999948412179947,0.3203921914100647,0.12461411952972412,0.019343532621860504,-0.1240372508764267,0.4911092519760132,0.14372818171977997,0.025916777551174164,0.07842274755239487,0.3402140438556671,0.14421755075454712,0.009923985227942467,-0.1338959038257599,0.5126625895500183,0.17042550444602966,0.017206480726599693,0.0882226899266243,0.33153510093688965,-0.044732287526130676,0.02290075644850731,-0.17370659112930298,0.5315533876419067,0.013583347201347351,0.028627485036849976,35,1.459,,,,,,,,,,,,,,,,,,,,,,,,,,,,,,,,,,,,,,,,,,,,,,,,,,,,,,,,,,,,,,,,,,,,,,,,,,,,,,,,,,,,,,,,,,,,,,,,,,,,,,,,,,,,,,,,,,,,,,,,,,,,,,,,,,,,,,,,,,,,,,,,,,,,,,,,,,,,,,,,,,,,,,,,
-0.08614087849855423,-0.6024141311645508,-0.2970600128173828,0.9986688494682312,-0.06248479709029198,-0.6393305063247681,-0.29602310061454773,0.9979087114334106,-0.0628456249833107,-0.6390227675437927,-0.2977994978427887,0.9980913400650024,-0.062416113913059235,-0.6391008496284485,-0.2959481477737427,0.99791419506073,-0.09889531135559082,-0.6415387392044067,-0.2864416539669037,0.9977724552154541,-0.09689167886972427,-0.6423808336257935,-0.2864829897880554,0.9979708790779114,-0.09752538800239563,-0.6414108872413635,-0.28265151381492615,0.9978028535842896,0.04412833973765373,-0.6276615262031555,-0.22075170278549194,0.9980379939079285,-0.10097918659448624,-0.6383273005485535,-0.15354038774967194,0.9972658753395081,-0.05085695534944534,-0.5768969058990479,-0.27495795488357544,0.9990406632423401,-0.09236789494752884,-0.5767877697944641,-0.25521841645240784,0.9988728165626526,0.15008573234081268,-0.43852025270462036,-0.18048007786273956,0.9984975457191467,-0.15738162398338318,-0.44967547059059143,-0.07066600024700165,0.9988846778869629,0.14422759413719177,-0.19247505068778992,-0.1851656436920166,0.9661726355552673,-0.18768799304962158,-0.2120291143655777,-0.027164557948708534,0.8453702330589294,0.08425842225551605,-0.02646343596279621,-0.24685324728488922,0.8109086751937866,-0.21243248879909515,-0.065130315721035,-0.14435270428657532,0.7083401083946228,0.07341094315052032,0.028135141357779503,-0.2829687297344208,0.7353245615959167,-0.21714447438716888,-0.015380487777292728,-0.16253019869327545,0.6480392217636108,0.043169762939214706,0.021900096908211708,-0.32034000754356384,0.7684576511383057,-0.21346434950828552,-0.014292782172560692,-0.20043130218982697,0.6848065257072449,0.06243790686130524,-0.017272336408495903,-0.26634275913238525,0.7392693161964417,-0.2034938931465149,-0.050001610070466995,-0.1637696921825409,0.6686035990715027,0.10132333636283875,-0.009891667403280735,-0.026028545573353767,0.3496108055114746,-0.10149861872196198,0.002189462538808584,0.027690406888723373,0.3536195158958435,0.055634379386901855,0.04322390258312225,-0.0906323790550232,0.08126647025346756,-0.1080072894692421,0.15033693611621857,-0.07570953667163849,0.08100578933954239,0.09080295264720917,0.33678293228149414,0.12059071660041809,0.020049739629030228,-0.1112065538764,0.49651840329170227,0.14503654837608337,0.027418935671448708,0.09098765254020691,0.35808277130126953,0.1403178870677948,0.009979934431612492,-0.12089970707893372,0.5189892053604126,0.17214344441890717,0.017971208319067955,0.09876997768878937,0.35119491815567017,-0.04907439276576042,0.0235068891197443,-0.17065203189849854,0.5335803031921387,0.021425751969218254,0.029598712921142578,36,1.501,,,,,,,,,,,,,,,,,,,,,,,,,,,,,,,,,,,,,,,,,,,,,,,,,,,,,,,,,,,,,,,,,,,,,,,,,,,,,,,,,,,,,,,,,,,,,,,,,,,,,,,,,,,,,,,,,,,,,,,,,,,,,,,,,,,,,,,,,,,,,,,,,,,,,,,,,,,,,,,,,,,,,,,,
