pose_world_0_x,pose_world_0_y,pose_world_0_z,pose_world_0_visibility,pose_world_1_x,pose_world_1_y,pose_world_1_z,pose_world_1_visibility,pose_world_2_x,pose_world_2_y,pose_world_2_z,pose_world_2_visibility,pose_world_3_x,pose_world_3_y,pose_world_3_z,pose_world_3_visibility,pose_world_4_x,pose_world_4_y,pose_world_4_z,pose_world_4_visibility,pose_world_5_x,pose_world_5_y,pose_world_5_z,pose_world_5_visibility,pose_world_6_x,pose_world_6_y,pose_world_6_z,pose_world_6_visibility,pose_world_7_x,pose_world_7_y,pose_world_7_z,pose_world_7_visibility,pose_world_8_x,pose_world_8_y,pose_world_8_z,pose_world_8_visibility,pose_world_9_x,pose_world_9_y,pose_world_9_z,pose_world_9_visibility,pose_world_10_x,pose_world_10_y,pose_world_10_z,pose_world_10_visibility,pose_world_11_x,pose_world_11_y,pose_world_11_z,pose_world_11_visibility,pose_world_12_x,pose_world_12_y,pose_world_12_z,pose_world_12_visibility,pose_world_13_x,pose_world_13_y,pose_world_13_z,pose_world_13_visibility,pose_world_14_x,pose_world_14_y,pose_world_14_z,pose_world_14_visibility,pose_world_15_x,pose_world_15_y,pose_world_15_z,pose_world_15_visibility,pose_world_16_x,pose_world_16_y,pose_world_16_z,pose_world_16_visibility,pose_world_17_x,pose_world_17_y,pose_world_17_z,pose_world_17_visibility,pose_world_18_x,pose_world_18_y,pose_world_18_z,pose_world_18_visibility,pose_world_19_x,pose_world_19_y,pose_world_19_z,pose_world_19_visibility,pose_world_20_x,pose_world_20_y,pose_world_20_z,pose_world_20_visibility,pose_world_21_x,pose_world_21_y,pose_world_21_z,pose_world_21_visibility,pose_world_22_x,pose_world_22_y,pose_world_22_z,pose_world_22_visibility,pose_world_23_x,pose_world_23_y,pose_world_23_z,pose_world_23_visibility,pose_world_24_x,pose_world_24_y,pose_world_24_z,pose_world_24_visibility,pose_world_25_x,pose_world_25_y,pose_world_25_z,pose_world_25_visibility,pose_world_26_x,pose_world_26_y,pose_world_26_z,pose_world_26_visibility,pose_world_27_x,pose_world_27_y,pose_world_27_z,pose_world_27_visibility,pose_world_28_x,pose_world_28_y,pose_world_28_z,pose_world_28_visibility,pose_world_29_x,pose_world_29_y,pose_world_29_z,pose_world_29_visibility,pose_world_30_x,pose_world_30_y,pose_world_30_z,pose_world_30_visibility,pose_world_31_x,pose_world_31_y,pose_world_31_z,pose_world_31_visibility,pose_world_32_x,pose_world_32_y,pose_world_32_z,pose_world_32_visibility,frame,timestamp,left_hand_0_x,left_hand_0_y,left_hand_0_z,left_hand_0_visibility,left_hand_1_x,left_hand_1_y,left_hand_1_z,left_hand_1_visibility,left_hand_2_x,left_hand_2_y,left_hand_2_z,left_hand_2_visibility,left_hand_3_x,left_hand_3_y,left_hand_3_z,left_hand_3_visibility,left_hand_4_x,left_hand_4_y,left_hand_4_z,left_hand_4_visibility,left_hand_5_x,left_hand_5_y,left_hand_5_z,left_hand_5_visibility,left_hand_6_x,left_hand_6_y,left_hand_6_z,left_hand_6_visibility,left_hand_7_x,left_hand_7_y,left_hand_7_z,left_hand_7_visibility,left_hand_8_x,left_hand_8_y,left_hand_8_z,left_hand_8_visibility,left_hand_9_x,left_hand_9_y,left_hand_9_z,left_hand_9_visibility,left_hand_10_x,left_hand_10_y,left_hand_10_z,left_hand_10_visibility,left_hand_11_x,left_hand_11_y,left_hand_11_z,left_hand_11_visibility,left_hand_12_x,left_hand_12_y,left_hand_12_z,left_hand_12_visibility,left_hand_13_x,left_hand_13_y,left_hand_13_z,left_hand_13_visibility,left_hand_14_x,left_hand_14_y,left_hand_14_z,left_hand_14_visibility,left_hand_15_x,left_hand_15_y,left_hand_15_z,left_hand_15_visibility,left_hand_16_x,left_hand_16_y,left_hand_16_z,left_hand_16_visibility,left_hand_17_x,left_hand_17_y,left_hand_17_z,left_hand_17_visibility,left_hand_18_x,left_hand_18_y,left_hand_18_z,left_hand_18_visibility,left_hand_19_x,left_hand_19_y,left_hand_19_z,left_hand_19_visibility,left_hand_20_x,left_hand_20_y,left_hand_20_z,left_hand_20_visibility,right_hand_0_x,right_hand_0_y,right_hand_0_z,right_hand_0_visibility,right_hand_1_x,right_hand_1_y,right_hand_1_z,right_hand_1_visibility,right_hand_2_x,right_hand_2_y,right_hand_2_z,right_hand_2_visibility,right_hand_3_x,right_hand_3_y,right_hand_3_z,right_hand_3_visibility,right_hand_4_x,right_hand_4_y,right_hand_4_z,right_hand_4_visibility,right_hand_5_x,right_hand_5_y,right_hand_5_z,right_hand_5_visibility,right_hand_6_x,right_hand_6_y,right_hand_6_z,right_hand_6_visibility,right_hand_7_x,right_hand_7_y,right_hand_7_z,right_hand_7_visibility,right_hand_8_x,right_hand_8_y,right_hand_8_z,right_hand_8_visibility,right_hand_9_x,right_hand_9_y,right_hand_9_z,right_hand_9_visibility,right_hand_10_x,right_hand_10_y,right_hand_10_z,right_hand_10_visibility,right_hand_11_x,right_hand_11_y,right_hand_11_z,right_hand_11_visibility,right_hand_12_x,right_hand_12_y,right_hand_12_z,right_hand_12_visibility,right_hand_13_x,right_hand_13_y,right_hand_13_z,right_hand_13_visibility,right_hand_14_x,right_hand_14_y,right_hand_14_z,right_hand_14_visibility,right_hand_15_x,right_hand_15_y,right_hand_15_z,right_hand_15_visibility,right_hand_16_x,right_hand_16_y,right_hand_16_z,right_hand_16_visibility,right_hand_17_x,right_hand_17_y,right_hand_17_z,right_hand_17_visibility,right_hand_18_x,right_hand_18_y,right_hand_18_z,right_hand_18_visibility,right_hand_19_x,right_hand_19_y,right_hand_19_z,right_hand_19_visibility,right_hand_20_x,right_hand_20_y,right_hand_20_z,right_hand_20_visibility
-0.015688033774495125,-0.612401008605957,-0.3159099817276001,0.9992432594299316,0.007815406657755375,-0.6463350057601929,-0.31014329195022583,0.9986781477928162,0.00731771532446146,-0.6459442973136902,-0.3121519088745117,0.9988435506820679,0.007806421257555485,-0.6459629535675049,-0.3101379871368408,0.9987051486968994,-0.028454812243580818,-0.6509318947792053,-0.3046802282333374,0.9986469149589539,-0.026452191174030304,-0.6517269611358643,-0.30466344952583313,0.9988085031509399,-0.02705174870789051,-0.6507791876792908,-0.3007456660270691,0.9986584186553955,0.10177475959062576,-0.619158923625946,-0.22686104476451874,0.99873286485672,-0.04431184008717537,-0.6358012557029724,-0.1803523600101471,0.9983003735542297,0.012774583883583546,-0.5793972611427307,-0.29273635149002075,0.9995974898338318,-0.029525326564908028,-0.5823881030082703,-0.27848124504089355,0.9995244741439819,0.19351883232593536,-0.4135541021823883,-0.17666667699813843,0.9990311861038208,-0.12504033744335175,-0.45593422651290894,-0.10701081901788712,0.9990849494934082,0.21709097921848297,-0.17469729483127594,-0.16345274448394775,0.9251800179481506,-0.17302009463310242,-0.22878630459308624,-0.08072484284639359,0.7406529188156128,0.14337056875228882,-0.019520964473485947,-0.24929691851139069,0.505573570728302,-0.15860117971897125,-0.10261321067810059,-0.21969377994537354,0.37845587730407715,0.12485234439373016,0.03430503234267235,-0.2768978476524353,0.4147591292858124,-0.15237335860729218,-0.05673038586974144,-0.2465028464794159,0.3341125547885895,0.09591206908226013,0.022851159796118736,-0.31404486298561096,0.49506762623786926,-0.14075177907943726,-0.0608653649687767,-0.27564290165901184,0.39736074209213257,0.1199592649936676,-0.01294555701315403,-0.2679572105407715,0.4535835087299347,-0.14526322484016418,-0.08950987458229065,-0.23599793016910553,0.37190455198287964,0.10439754277467728,-0.0008201577002182603,-0.016559019684791565,0.1693640947341919,-0.10325887054204941,-0.007669641170650721,0.01864742301404476,0.17104829847812653,0.08652713894844055,-0.014367083087563515,-0.10095108300447464,0.1389537751674652,-0.09972497075796127,0.05179883912205696,-0.12490744888782501,0.1350904405117035,0.1324961632490158,0.25665536522865295,0.1410238891839981,0.02764638513326645,-0.07905460149049759,0.40956059098243713,0.13527634739875793,0.04544947296380997,0.13309837877750397,0.2737043499946594,0.16423390805721283,0.013252650387585163,-0.0751006081700325,0.4275227189064026,0.170908123254776,0.02839232049882412,0.15391694009304047,0.25009965896606445,-0.049218516796827316,0.028853919357061386,-0.11637679487466812,0.4414658546447754,-0.0016314066015183926,0.04204713553190231,0,0.0,,,,,,,,,,,,,,,,,,,,,,,,,,,,,,,,,,,,,,,,,,,,,,,,,,,,,,,,,,,,,,,,,,,,,,,,,,,,,,,,,,,,,,,,,,,,,,,,,,,,,,,,,,,,,,,,,,,,,,,,,,,,,,,,,,,,,,,,,,,,,,,,,,,,,,,,,,,,,,,,,,,,,,,,
-0.02775077521800995,-0.6155685186386108,-0.2862958014011383,0.9992923140525818,-0.006990828085690737,-0.6514644026756287,-0.2777969241142273,0.9987622499465942,-0.007436838001012802,-0.6510778665542603,-0.27955377101898193,0.9989120960235596,-0.00709371455013752,-0.6509873867034912,-0.27757254242897034,0.9987740516662598,-0.045261599123477936,-0.6552776098251343,-0.27409234642982483,0.9987429976463318,-0.04315637797117233,-0.6559182405471802,-0.27454474568367004,0.998894453048706,-0.04378112778067589,-0.6549795269966125,-0.27064722776412964,0.9987538456916809,0.08567354828119278,-0.6299847960472107,-0.18787766993045807,0.9988027215003967,-0.06983795762062073,-0.6419228911399841,-0.14848865568637848,0.9984351992607117,0.0018106939969584346,-0.5839852690696716,-0.26100653409957886,0.9996134042739868,-0.04323239251971245,-0.5856828093528748,-0.24879968166351318,0.9995494484901428,0.18738047778606415,-0.42981576919555664,-0.15760581195354462,0.9989209771156311,-0.14708884060382843,-0.45593929290771484,-0.08115830272436142,0.9990153908729553,0.2046651691198349,-0.1961500197649002,-0.1842990517616272,0.9274069666862488,-0.18809102475643158,-0.2309807538986206,-0.11662167310714722,0.752738893032074,0.05564003437757492,-0.0738675445318222,-0.3083004057407379,0.5171249508857727,-0.17163990437984467,-0.13630720973014832,-0.32159048318862915,0.39386671781539917,0.01219266839325428,-0.02502863109111786,-0.340975284576416,0.4163861870765686,-0.163478285074234,-0.10206982493400574,-0.3570835292339325,0.3405500650405884,-0.023162508383393288,-0.046726301312446594,-0.36736536026000977,0.4964407980442047,-0.15603220462799072,-0.10976361483335495,-0.3783734142780304,0.40521377325057983,0.02625359036028385,-0.07350553572177887,-0.32368987798690796,0.45448750257492065,-0.15928125381469727,-0.1279415786266327,-0.3360794186592102,0.38014355301856995,0.10613444447517395,-0.004571930039674044,-0.015474364161491394,0.173528254032135,-0.10550753772258759,-0.0039499541744589806,0.01734340563416481,0.17496053874492645,0.08665204793214798,-0.0118209607899189,-0.09473494440317154,0.1349037140607834,-0.10748109966516495,0.119536854326725,-0.11077476292848587,0.12951694428920746,0.13504427671432495,0.2637389898300171,0.1381547451019287,0.027244212105870247,-0.10592763125896454,0.43228140473365784,0.14723436534404755,0.04346850886940956,0.13635221123695374,0.2798866033554077,0.15917660295963287,0.012949147261679173,-0.1021958664059639,0.45132163166999817,0.1802768111228943,0.02673325501382351,0.1598597764968872,0.27032652497291565,-0.05871371552348137,0.028721611946821213,-0.14049997925758362,0.49164506793022156,5.633856198983267e-05,0.04039553925395012,1,0.033,,,,,,,,,,,,,,,,,,,,,,,,,,,,,,,,,,,,,,,,,,,,,,,,,,,,,,,,,,,,,,,,,,,,,,,,,,,,,,,,,,,,,,,,,,,,,,,,,,,,,,,,,,,,,,,,,,,,,,,,,,,,,,,,,,,,,,,,,,,,,,,,,,,,,,,,,,,,,,,,,,,,,,,,
-0.03387875109910965,-0.6152242422103882,-0.2662767469882965,0.9993420839309692,-0.015908338129520416,-0.6514818668365479,-0.2552240788936615,0.9988519549369812,-0.01639360561966896,-0.6511018872261047,-0.2570120394229889,0.9989860653877258,-0.01608390174806118,-0.6510123610496521,-0.2547805905342102,0.998853862285614,-0.05529754236340523,-0.6552371978759766,-0.25360068678855896,0.9988417029380798,-0.05315651372075081,-0.6558688282966614,-0.2544120252132416,0.9989809989929199,-0.053808290511369705,-0.6549302339553833,-0.2504129409790039,0.9988518953323364,0.07512510567903519,-0.633966326713562,-0.1565791666507721,0.9988859295845032,-0.08749142289161682,-0.6440382599830627,-0.1297556608915329,0.9985716938972473,-0.003079720539972186,-0.5839037895202637,-0.23852300643920898,0.9996374845504761,-0.050276175141334534,-0.5855668187141418,-0.22957080602645874,0.9995831251144409,0.18424402177333832,-0.4336729943752289,-0.12679211795330048,0.9988954663276672,-0.16313478350639343,-0.45575350522994995,-0.054986752569675446,0.9990461468696594,0.20399317145347595,-0.19880545139312744,-0.1947486251592636,0.9338681101799011,-0.2187947779893875,-0.22864417731761932,-0.11512124538421631,0.7752017378807068,-0.020428890362381935,-0.13472306728363037,-0.3461071848869324,0.562679648399353,-0.17390525341033936,-0.1417025476694107,-0.32447829842567444,0.448628306388855,-0.09253484010696411,-0.10847538709640503,-0.39192667603492737,0.4642626941204071,-0.16292378306388855,-0.11502004414796829,-0.37182876467704773,0.389883816242218,-0.12314124405384064,-0.1515364795923233,-0.3956685960292816,0.5370330214500427,-0.15512920916080475,-0.14177455008029938,-0.37965503334999084,0.4499579966068268,-0.05241841450333595,-0.14828304946422577,-0.3531738817691803,0.49760451912879944,-0.15946175158023834,-0.14174142479896545,-0.33407214283943176,0.4265894591808319,0.10851626843214035,-0.00533174816519022,-0.012273193337023258,0.1906149685382843,-0.10827858000993729,-0.002969548339024186,0.013656320050358772,0.19494496285915375,0.11052772402763367,-0.013903044164180756,-0.0932392030954361,0.1288258582353592,-0.1168203204870224,0.10574815422296524,-0.11026086658239365,0.12430330365896225,0.13525746762752533,0.25671452283859253,0.14229457080364227,0.02589907869696617,-0.11127301305532455,0.42959317564964294,0.14051233232021332,0.04118087887763977,0.13662444055080414,0.2709965407848358,0.1611752212047577,0.012451261281967163,-0.10447867959737778,0.45050111413002014,0.16619426012039185,0.02509487420320511,0.16848330199718475,0.2695362865924835,-0.04456057772040367,0.027408616617321968,-0.139664426445961,0.48419389128685,-0.027080170810222626,0.03827429935336113,2,0.066,0.6804323196411133,0.9444983005523682,-4.034909579786472e-07,,0.6401552557945251,0.9326255917549133,0.006767230108380318,,0.6077854037284851,0.9152669906616211,0.002451813779771328,,0.5830214619636536,0.9128919243812561,-0.004753980785608292,,0.5673900842666626,0.9184657335281372,-0.012320173904299736,,0.5864243507385254,0.8300209641456604,-0.0031630396842956543,,0.5551013350486755,0.910379946231842,-0.01633768156170845,,0.559409499168396,0.9584667682647705,-0.025991972535848618,,0.570151686668396,0.9795697331428528,-0.031417399644851685,,0.589805543422699,0.8396655917167664,-0.012656775303184986,,0.5611233115196228,0.9243703484535217,-0.02248620055615902,,0.5682093501091003,0.9653126001358032,-0.028310667723417282,,0.578886866569519,0.9855659604072571,-0.03296371549367905,,0.5971444249153137,0.8622180819511414,-0.02190639264881611,,0.5714983940124512,0.937921404838562,-0.029726196080446243,,0.5782463550567627,0.9764019250869751,-0.03092004545032978,,0.5879249572753906,0.9952333569526672,-0.03245069459080696,,0.6073673963546753,0.8924533128738403,-0.03069683164358139,,0.5901229977607727,0.9540249109268188,-0.037747498601675034,,0.5943790674209595,0.985961377620697,-0.03852342069149017,,0.6000931262969971,1.003623127937317,-0.03830251097679138,,,,,,,,,,,,,,,,,,,,,,,,,,,,,,,,,,,,,,,,,,,,,,,,,,,,,,,,,,,,,,,,,,,,,,,,,,,,,,,,,,,,,
-0.03943207487463951,-0.620538055896759,-0.23672139644622803,0.9993950128555298,-0.020770994946360588,-0.657966136932373,-0.22634491324424744,0.9989433884620667,-0.0213081743568182,-0.6576276421546936,-0.2282671332359314,0.999062180519104,-0.02097824402153492,-0.6575647592544556,-0.2259218990802765,0.9989373683929443,-0.05913577601313591,-0.6621834635734558,-0.22360938787460327,0.9989410638809204,-0.05702950060367584,-0.6627517938613892,-0.22440697252750397,0.9990684986114502,-0.05766423046588898,-0.6618239879608154,-0.22037597000598907,0.9989515542984009,0.07110357284545898,-0.6416234970092773,-0.13210797309875488,0.9989684820175171,-0.08763642609119415,-0.655026912689209,-0.10251400619745255,0.9987015724182129,-0.008822745643556118,-0.5898705720901489,-0.21095770597457886,0.9996597170829773,-0.0553441047668457,-0.5918955206871033,-0.2011762112379074,0.9996152520179749,0.18312855064868927,-0.43620458245277405,-0.10718655586242676,0.9988582730293274,-0.16586215794086456,-0.4662177860736847,-0.026001019403338432,0.999095618724823,0.20184966921806335,-0.21709206700325012,-0.19847890734672546,0.9396438002586365,-0.2295026183128357,-0.24593062698841095,-0.11165526509284973,0.7950003147125244,-0.028568103909492493,-0.20810294151306152,-0.36111074686050415,0.6048839092254639,-0.20219004154205322,-0.18736819922924042,-0.33579716086387634,0.5004091262817383,-0.10243377834558487,-0.1979563981294632,-0.41085514426231384,0.5125694274902344,-0.19649964570999146,-0.17244559526443481,-0.3899800777435303,0.4427355229854584,-0.12599165737628937,-0.24815374612808228,-0.4089372456073761,0.5783936381340027,-0.18498452007770538,-0.2003442496061325,-0.39272060990333557,0.4979759156703949,-0.05776696652173996,-0.2275523841381073,-0.3670242726802826,0.5416552424430847,-0.18864518404006958,-0.19015352427959442,-0.3440767526626587,0.4759969115257263,0.11029968410730362,-0.005296848248690367,-0.011073319241404533,0.22894075512886047,-0.11030427366495132,-0.0030710496939718723,0.012408820912241936,0.23840241134166718,0.11134310811758041,-0.012677053920924664,-0.08193380385637283,0.12876440584659576,-0.13209107518196106,0.10069792717695236,-0.10035087913274765,0.12618447840213776,0.12151442468166351,0.2478741705417633,0.16288822889328003,0.025638429448008537,-0.13236890733242035,0.42776691913604736,0.13303737342357635,0.041496213525533676,0.12034951150417328,0.2607221007347107,0.1813490092754364,0.012473560869693756,-0.12442376464605331,0.44813618063926697,0.1542045772075653,0.024476433172822,0.15467654168605804,0.2625636160373688,-0.015878144651651382,0.027724232524633408,-0.15267334878444672,0.48770639300346375,-0.04086526110768318,0.0393650196492672,3,0.1,0.6848043203353882,0.8651823401451111,-3.4843438356801926e-07,,0.651739239692688,0.8312966823577881,-0.00274051446467638,,0.6172826886177063,0.7992112040519714,-0.012870273552834988,,0.5914517045021057,0.7915273904800415,-0.022844713181257248,,0.5757309794425964,0.8001188635826111,-0.0318300798535347,,0.5997960567474365,0.7121874690055847,-0.019219182431697845,,0.5687102675437927,0.7883396744728088,-0.03481963649392128,,0.5843676924705505,0.8057901263237,-0.04340330883860588,,0.5956063866615295,0.7911987900733948,-0.04836125299334526,,0.6141740679740906,0.7271429300308228,-0.02571476250886917,,0.5829553008079529,0.8137440085411072,-0.03855516389012337,,0.5962743163108826,0.8217841386795044,-0.04069880023598671,,0.6078832149505615,0.8063327074050903,-0.04303954914212227,,0.6287161111831665,0.7582781910896301,-0.03216952830553055,,0.5964946150779724,0.8354820013046265,-0.04187018424272537,,0.610332190990448,0.8425654172897339,-0.03623892366886139,,0.6219756007194519,0.8252047896385193,-0.033302318304777145,,0.6415711045265198,0.7948505878448486,-0.039008498191833496,,0.6148918867111206,0.8546884655952454,-0.04712694510817528,,0.6261242628097534,0.8619537353515625,-0.04345196485519409,,0.6366920471191406,0.8479182124137878,-0.03970160335302353,,0.5265745520591736,0.8550626635551453,-1.1834499957785738e-07,,0.5542910099029541,0.8552147746086121,-0.007041176315397024,,0.5779820680618286,0.888938307762146,-0.013127424754202366,,0.5877223014831543,0.9349844455718994,-0.0180666521191597,,0.5880645513534546,0.9730095863342285,-0.02150542102754116,,0.5588423013687134,0.9130991101264954,-0.01602264493703842,,0.5671526193618774,0.9670661687850952,-0.02357430011034012,,0.5696460008621216,0.9566382765769958,-0.025402162224054337,,0.5667402148246765,0.9420774579048157,-0.025000659748911858,,0.5420719981193542,0.9242969751358032,-0.015407603234052658,,0.5527687072753906,0.9821392893791199,-0.021413249894976616,,0.5558613538742065,0.9799952507019043,-0.02208905853331089,,0.5531624555587769,0.9720540046691895,-0.021709555760025978,,0.5268782377243042,0.933091938495636,-0.014809357933700085,,0.5375260710716248,0.9905844926834106,-0.019893258810043335,,0.5401396751403809,0.9939720034599304,-0.017607487738132477,,0.5388728976249695,0.9911965131759644,-0.01496459823101759,,0.5139269828796387,0.9405171871185303,-0.014333519153296947,,0.521386444568634,0.9904905557632446,-0.017812110483646393,,0.5226618647575378,1.0056592226028442,-0.01605362631380558,,0.5217062830924988,1.0135637521743774,-0.01375616155564785,
-0.04572740197181702,-0.6200641989707947,-0.23952703177928925,0.9994362592697144,-0.026578426361083984,-0.6577450633049011,-0.23046354949474335,0.9990110397338867,-0.027133379131555557,-0.6573941111564636,-0.23215585947036743,0.9991152882575989,-0.02684904634952545,-0.6573398113250732,-0.22981250286102295,0.9989960789680481,-0.06402534246444702,-0.6620318293571472,-0.2271585315465927,0.9990207552909851,-0.06190994381904602,-0.6625252366065979,-0.22813932597637177,0.9991388320922852,-0.06263355165719986,-0.661580502986908,-0.22408142685890198,0.9990335702896118,0.06460413336753845,-0.640824556350708,-0.13874948024749756,0.9990360736846924,-0.09015925228595734,-0.6539661288261414,-0.10559055954217911,0.9988138675689697,-0.015011998824775219,-0.5897420048713684,-0.21428987383842468,0.9996820092201233,-0.0608004555106163,-0.5915336012840271,-0.20344212651252747,0.9996459484100342,0.1783542037010193,-0.435263991355896,-0.10171698033809662,0.9988994002342224,-0.1636505275964737,-0.46572771668434143,-0.023971224203705788,0.99916672706604,0.19295383989810944,-0.21416909992694855,-0.19610877335071564,0.9454815983772278,-0.22294126451015472,-0.2446676790714264,-0.11058399081230164,0.8148297667503357,-0.009898727759718895,-0.24399343132972717,-0.35020169615745544,0.6441062092781067,-0.2097744345664978,-0.23159103095531464,-0.3393983542919159,0.5497420430183411,-0.07451959699392319,-0.24986812472343445,-0.4003763794898987,0.559342086315155,-0.20742830634117126,-0.2343001514673233,-0.39755260944366455,0.49557650089263916,-0.08783348649740219,-0.3041517436504364,-0.3988338112831116,0.618596613407135,-0.19886791706085205,-0.2698732912540436,-0.3968878388404846,0.5454738140106201,-0.03373280540108681,-0.26941826939582825,-0.35618653893470764,0.5851877927780151,-0.1978704184293747,-0.24227537214756012,-0.3474450409412384,0.5254943370819092,0.11069051176309586,-0.005046441685408354,-0.011118972674012184,0.27786457538604736,-0.1108701229095459,-0.0030985765624791384,0.012384498491883278,0.29253089427948,0.1204017698764801,-0.008799092844128609,-0.0782453715801239,0.12078330665826797,-0.1330973356962204,0.10330814123153687,-0.0685821920633316,0.11976394802331924,0.12415080517530441,0.24814271926879883,0.18621826171875,0.024045955389738083,-0.12546320259571075,0.44159361720085144,0.17302463948726654,0.03921632468700409,0.12371139973402023,0.2610643208026886,0.2034236192703247,0.01193923782557249,-0.11941743642091751,0.4656468629837036,0.19320566952228546,0.023240776732563972,0.15362803637981415,0.26453718543052673,0.026392923668026924,0.02602812461555004,-0.1456170380115509,0.5151653289794922,0.004914623219519854,0.03718719631433487,4,0.133,,,,,,,,,,,,,,,,,,,,,,,,,,,,,,,,,,,,,,,,,,,,,,,,,,,,,,,,,,,,,,,,,,,,,,,,,,,,,,,,,,,,,,,,,,,,,,,,,,,,,,,,,,,,,,,,,,,,,,,,,,,,,,,,,,,,,,,,,,,,,,,,,,,,,,,,,,,,,,,,,,,,,,,,
-0.04390610381960869,-0.6130554676055908,-0.24576488137245178,0.9994794130325317,-0.024270623922348022,-0.6514084339141846,-0.2375512719154358,0.9990809559822083,-0.02481476590037346,-0.6510744094848633,-0.23918674886226654,0.9991729855537415,-0.024503085762262344,-0.6509931087493896,-0.23681974411010742,0.9990609884262085,-0.061664558947086334,-0.655392050743103,-0.2340637892484665,0.9990988969802856,-0.059564102441072464,-0.6557180285453796,-0.23508445918560028,0.9992075562477112,-0.06026166304945946,-0.6547011733055115,-0.2310316562652588,0.9991128444671631,0.06705912202596664,-0.6387341022491455,-0.14675244688987732,0.9991064071655273,-0.08660300821065903,-0.6503500938415527,-0.11236439645290375,0.9989192485809326,-0.013443737290799618,-0.5832918286323547,-0.22065719962120056,0.9997064471244812,-0.05889749526977539,-0.5850068926811218,-0.20934872329235077,0.9996762871742249,0.178746297955513,-0.4342837631702423,-0.10224167257547379,0.9989607334136963,-0.16267730295658112,-0.46312031149864197,-0.028986729681491852,0.9992366433143616,0.1930856704711914,-0.21177911758422852,-0.1974503993988037,0.9508333802223206,-0.22150351107120514,-0.24087634682655334,-0.11987815797328949,0.8329904675483704,0.008916784077882767,-0.2817876636981964,-0.35585251450538635,0.6795701384544373,-0.2056298702955246,-0.2552891671657562,-0.35519126057624817,0.5945020914077759,-0.051093198359012604,-0.2995831370353699,-0.40661996603012085,0.6022761464118958,-0.2033519744873047,-0.2662694752216339,-0.4154798090457916,0.5443735122680664,-0.06117373704910278,-0.35445576906204224,-0.40091681480407715,0.6555687189102173,-0.19577251374721527,-0.3043321967124939,-0.41060543060302734,0.5892761945724487,-0.013164090923964977,-0.310543030500412,-0.3597366511821747,0.6253276467323303,-0.19382019340991974,-0.2690816819667816,-0.36225929856300354,0.5711910724639893,0.11114196479320526,-0.0040483977645635605,-0.011153604835271835,0.321768194437027,-0.11131660640239716,-0.003204476088285446,0.01229829341173172,0.33879172801971436,0.12317287921905518,-0.00910143181681633,-0.078788161277771,0.11240042001008987,-0.13511501252651215,0.08309664577245712,-0.07182231545448303,0.11199381947517395,0.12463968992233276,0.2515949010848999,0.18019050359725952,0.022570185363292694,-0.12380705028772354,0.4387657642364502,0.18218185007572174,0.036480918526649475,0.1242273822426796,0.26377174258232117,0.19818370044231415,0.011404411867260933,-0.1124098151922226,0.4624708592891693,0.2043478637933731,0.021807104349136353,0.14797967672348022,0.26679715514183044,0.011389141902327538,0.02429760806262493,-0.1225314810872078,0.507997453212738,0.01131026167422533,0.0344962440431118,5,0.166,0.6908004283905029,0.7419983148574829,1.829686908649819e-07,,0.681951642036438,0.6746836304664612,0.003534583142027259,,0.6724948287010193,0.6189846396446228,-0.0016549070132896304,,0.6677581071853638,0.5790029168128967,-0.00886545516550541,,0.6646732687950134,0.5459162592887878,-0.016722312197089195,,0.6435756087303162,0.6289297342300415,-0.0149003891274333,,0.6398212313652039,0.5756511092185974,-0.03097739815711975,,0.6443140506744385,0.5420438647270203,-0.04164335876703262,,0.6515529155731201,0.517849326133728,-0.04850060120224953,,0.6464419364929199,0.6483345627784729,-0.025135278701782227,,0.6433971524238586,0.5906695127487183,-0.04020312428474426,,0.6487318277359009,0.5560349225997925,-0.04830780625343323,,0.6559740304946899,0.5297219753265381,-0.0542873777449131,,0.6569191813468933,0.6694502830505371,-0.034974031150341034,,0.6564436554908752,0.6181790232658386,-0.04956258833408356,,0.662375807762146,0.5870146155357361,-0.05385614186525345,,0.6689284443855286,0.5609540939331055,-0.05676262080669403,,0.6731572151184082,0.689857006072998,-0.04419589042663574,,0.6773921251296997,0.6577556729316711,-0.055238205939531326,,0.6818275451660156,0.6359756588935852,-0.05767683684825897,,0.6858343482017517,0.6173399686813354,-0.05942552909255028,,,,,,,,,,,,,,,,,,,,,,,,,,,,,,,,,,,,,,,,,,,,,,,,,,,,,,,,,,,,,,,,,,,,,,,,,,,,,,,,,,,,,
-0.03871500492095947,-0.6056125164031982,-0.2588483691215515,0.999527633190155,-0.020109934732317924,-0.6441805958747864,-0.2514435350894928,0.9991647005081177,-0.020794400945305824,-0.6438078284263611,-0.25314781069755554,0.9992471933364868,-0.020488666370511055,-0.643694281578064,-0.25050053000450134,0.9991450309753418,-0.05657030642032623,-0.6476053595542908,-0.24965761601924896,0.9991825222969055,-0.05450710654258728,-0.6478340029716492,-0.2510085701942444,0.9992806315422058,-0.0552515909075737,-0.646743893623352,-0.24678313732147217,0.9991953372955322,0.06858283281326294,-0.6303471326828003,-0.16157014667987823,0.9991883635520935,-0.08618995547294617,-0.6390932202339172,-0.13384617865085602,0.9990230798721313,-0.0099564203992486,-0.5749338865280151,-0.23455584049224854,0.9997340440750122,-0.05502447858452797,-0.5762377977371216,-0.2245279997587204,0.9997072815895081,0.1790037751197815,-0.4231320321559906,-0.10500368475914001,0.9990472793579102,-0.16140735149383545,-0.45392435789108276,-0.042754244059324265,0.9993062019348145,0.1936286836862564,-0.20997068285942078,-0.22135011851787567,0.9556348919868469,-0.23335133492946625,-0.23565857112407684,-0.15969039499759674,0.849415123462677,0.016261499375104904,-0.29872971773147583,-0.39346301555633545,0.7114773392677307,-0.20203687250614166,-0.2828841209411621,-0.39905858039855957,0.6348699927330017,-0.04604577273130417,-0.32192176580429077,-0.44252461194992065,0.6409057378768921,-0.20161081850528717,-0.30172351002693176,-0.4568105638027191,0.588776707649231,-0.051080990582704544,-0.3748530149459839,-0.43058475852012634,0.688822865486145,-0.19138731062412262,-0.34437495470046997,-0.44137054681777954,0.6291826367378235,-0.0044714100658893585,-0.3275831341743469,-0.3944982588291168,0.6613783240318298,-0.19020603597164154,-0.2998349666595459,-0.40138915181159973,0.6126892566680908,0.11262192577123642,-0.0028982183430343866,-0.011110787279903889,0.3459203243255615,-0.11220365762710571,-0.0037486064247787,0.012182340957224369,0.3664529621601105,0.1250043660402298,-0.04937677085399628,-0.08463093638420105,0.10443416237831116,-0.14877820014953613,-0.004224785603582859,-0.07720722258090973,0.10412297397851944,0.12498823553323746,0.20918944478034973,0.19442448019981384,0.02107142098248005,-0.11999709159135818,0.3988211750984192,0.20190542936325073,0.03364589810371399,0.12467443943023682,0.21825920045375824,0.21340978145599365,0.010842513293027878,-0.1102985367178917,0.4201010465621948,0.23195604979991913,0.020308364182710648,0.14355824887752533,0.18949498236179352,0.0057728467509150505,0.022575687617063522,-0.11788596957921982,0.45849665999412537,0.02318149246275425,0.03177861124277115,6,0.2,0.6905514001846313,0.7165856957435608,1.6087714982404577e-07,,0.6699344515800476,0.6858178377151489,0.002019486390054226,,0.6631760001182556,0.6433118581771851,-0.0022628623992204666,,0.660841166973114,0.6159385442733765,-0.007849671877920628,,0.6594167947769165,0.5943458676338196,-0.014715909957885742,,0.6642916202545166,0.6004621982574463,-0.012919100932776928,,0.658749520778656,0.5479615330696106,-0.02468087710440159,,0.6562185287475586,0.5169052481651306,-0.031856611371040344,,0.6548795700073242,0.4906916618347168,-0.036800090223550797,,0.6716969609260559,0.6078586578369141,-0.021769708022475243,,0.670008659362793,0.5459353923797607,-0.03371191397309303,,0.6689407825469971,0.5083155632019043,-0.04026271030306816,,0.6691372990608215,0.47658875584602356,-0.04469234123826027,,0.6813313364982605,0.6248863935470581,-0.030274027958512306,,0.683081865310669,0.5671727657318115,-0.04209044203162193,,0.682915985584259,0.52959805727005,-0.046697333455085754,,0.6823165416717529,0.4964572489261627,-0.0496467687189579,,0.692214846611023,0.6495507955551147,-0.0382423996925354,,0.6967147588729858,0.6091377139091492,-0.047974541783332825,,0.6975241899490356,0.5802731513977051,-0.0505848191678524,,0.6972403526306152,0.5540565252304077,-0.0524308867752552,,0.5487514734268188,0.6773533821105957,-1.0515412185441164e-07,,0.5638759732246399,0.6923757195472717,-0.005426264833658934,,0.5716300010681152,0.7207762002944946,-0.014423204585909843,,0.5706675052642822,0.7528486847877502,-0.02431824989616871,,0.5647586584091187,0.779742956161499,-0.03578667715191841,,0.5605900287628174,0.7084630131721497,-0.02057272009551525,,0.559319019317627,0.7428459525108337,-0.03277302533388138,,0.555785059928894,0.7660534381866455,-0.04193616658449173,,0.5534563660621643,0.7847727537155151,-0.047115426510572433,,0.5467833876609802,0.7074719071388245,-0.022715330123901367,,0.5426608920097351,0.7476718425750732,-0.03084130771458149,,0.5408520698547363,0.7714830040931702,-0.033701635897159576,,0.5406309962272644,0.788273274898529,-0.03666926547884941,,0.5344305634498596,0.7049505114555359,-0.024551065638661385,,0.5308005213737488,0.746479332447052,-0.03238249570131302,,0.5310853719711304,0.7674086689949036,-0.031927913427352905,,0.5315152406692505,0.7819986343383789,-0.03120427578687668,,0.5234268307685852,0.702450692653656,-0.02687622606754303,,0.520235538482666,0.7353983521461487,-0.030651167035102844,,0.5211763381958008,0.7532039284706116,-0.027326462790369987,,0.521747350692749,0.7663537263870239,-0.025079576298594475,
-0.032629694789648056,-0.5958619713783264,-0.2675820291042328,0.9995688199996948,-0.014785166829824448,-0.634672999382019,-0.2612231373786926,0.9992362856864929,-0.015560022555291653,-0.6342759728431702,-0.26303979754447937,0.9993103742599487,-0.01522887498140335,-0.6341387033462524,-0.26029738783836365,0.9992169737815857,-0.05056044086813927,-0.6377514600753784,-0.2593540549278259,0.9992534518241882,-0.048537395894527435,-0.6379580497741699,-0.2606886029243469,0.9993415474891663,-0.04930296167731285,-0.6368252038955688,-0.25637900829315186,0.9992647171020508,0.07059050351381302,-0.6202467679977417,-0.17446628212928772,0.9992597699165344,-0.08017882704734802,-0.6276808977127075,-0.14489251375198364,0.9991128444671631,-0.0039168125949800014,-0.5647731423377991,-0.24460673332214355,0.999758243560791,-0.04828740283846855,-0.5659321546554565,-0.2337653636932373,0.9997342228889465,0.18006320297718048,-0.413185715675354,-0.11009082943201065,0.9991232752799988,-0.15269744396209717,-0.444023996591568,-0.049863673746585846,0.9993646740913391,0.19374048709869385,-0.2068893015384674,-0.22882510721683502,0.9599226117134094,-0.23343834280967712,-0.23012472689151764,-0.16424091160297394,0.8640977144241333,0.01672082580626011,-0.2952037751674652,-0.3974016606807709,0.7401283979415894,-0.19148492813110352,-0.29928210377693176,-0.3910478949546814,0.671131432056427,-0.04868048429489136,-0.3185082674026489,-0.4423983097076416,0.6751763820648193,-0.1741454154253006,-0.32246726751327515,-0.44463610649108887,0.6282902956008911,-0.048998620361089706,-0.3692798316478729,-0.4282906651496887,0.7181817293167114,-0.16238842904567719,-0.36812281608581543,-0.4266764521598816,0.6645732522010803,-0.0027927185874432325,-0.32336103916168213,-0.39634740352630615,0.6931293606758118,-0.17528286576271057,-0.3184085488319397,-0.39169740676879883,0.6493327021598816,0.11300068348646164,-0.001818823511712253,-0.011372015811502934,0.3648194670677185,-0.11226533353328705,-0.004205786157399416,0.012363891117274761,0.3865661323070526,0.12555375695228577,-0.05521713197231293,-0.09272551536560059,0.0981433093547821,-0.1498306393623352,-0.032494787126779556,-0.07973498106002808,0.09759201854467392,0.1251402050256729,0.20797495543956757,0.1940390020608902,0.020037410780787468,-0.11465901136398315,0.3885854184627533,0.21208736300468445,0.031186092644929886,0.12505929172039032,0.21780040860176086,0.21284528076648712,0.010502839460968971,-0.10000225901603699,0.4093092381954193,0.24561290442943573,0.019086617976427078,0.14131607115268707,0.18024545907974243,0.0027880158741027117,0.02120496891438961,-0.10407915711402893,0.44039440155029297,0.03412724286317825,0.0293615460395813,7,0.233,0.698923647403717,0.7076634764671326,2.641179719375941e-07,,0.6770069599151611,0.6826876401901245,-0.0018948257202282548,,0.6689288020133972,0.6401848196983337,-0.006358745042234659,,0.6659103035926819,0.609500527381897,-0.011888781562447548,,0.6622288227081299,0.5826660394668579,-0.018521573394536972,,0.6717997193336487,0.5855292677879333,-0.01131522562354803,,0.6713756918907166,0.5273205041885376,-0.023187225684523582,,0.6693118214607239,0.48710066080093384,-0.03193213790655136,,0.6678487658500671,0.4527937173843384,-0.037874963134527206,,0.677689790725708,0.5883110761642456,-0.018495570868253708,,0.6769046187400818,0.5229274034500122,-0.029939301311969757,,0.6744963526725769,0.4754912257194519,-0.038924720138311386,,0.6736553311347961,0.4328588545322418,-0.04509575664997101,,0.686043381690979,0.6012604832649231,-0.025741450488567352,,0.6892223358154297,0.5366442799568176,-0.036884061992168427,,0.689953625202179,0.4939500689506531,-0.04405020549893379,,0.6901635527610779,0.4563925862312317,-0.048741262406110764,,0.6958182454109192,0.6230756640434265,-0.03301269933581352,,0.7016959190368652,0.5763335824012756,-0.042909979820251465,,0.7027025818824768,0.5423003435134888,-0.04710480570793152,,0.7031113505363464,0.5118709802627563,-0.049736954271793365,,0.547097384929657,0.7035584449768066,-4.622917515462177e-08,,0.5693440437316895,0.7005770802497864,-0.006151036825031042,,0.5873057842254639,0.6951474547386169,-0.012433267198503017,,0.5920981764793396,0.7068567276000977,-0.019022464752197266,,0.5837525725364685,0.7284150123596191,-0.02567317523062229,,0.5792137384414673,0.6330503821372986,-0.009042824618518353,,0.5795589685440063,0.6873224377632141,-0.0210300050675869,,0.5738487839698792,0.7090944647789001,-0.030932173132896423,,0.5709084272384644,0.7073209285736084,-0.03761563450098038,,0.5608921647071838,0.6292399168014526,-0.011724426411092281,,0.5637102127075195,0.6914278268814087,-0.020167294889688492,,0.5595241189002991,0.7097837924957275,-0.024340737611055374,,0.556109607219696,0.705065131187439,-0.028041895478963852,,0.5437130928039551,0.6337104439735413,-0.015470010228455067,,0.5478481650352478,0.6940510272979736,-0.02311701700091362,,0.5458157658576965,0.710093080997467,-0.023760369047522545,,0.5431809425354004,0.702808141708374,-0.024181459099054337,,0.529491662979126,0.6446595191955566,-0.0201482605189085,,0.533729076385498,0.6914345622062683,-0.02413039281964302,,0.5314635038375854,0.7065948843955994,-0.022962287068367004,,0.5274361371994019,0.7022130489349365,-0.02210306003689766,
-0.014948788098990917,-0.5959243774414062,-0.2684434950351715,0.9996063113212585,0.002256904961541295,-0.6344246864318848,-0.26171717047691345,0.9993022084236145,0.001450020121410489,-0.6340204477310181,-0.2635914385318756,0.9993690252304077,0.0018408213509246707,-0.6339004039764404,-0.26091304421424866,0.9992838501930237,-0.03355864807963371,-0.6374734044075012,-0.2596040666103363,0.9993179440498352,-0.031573258340358734,-0.6377237439155579,-0.26079311966896057,0.9993969798088074,-0.032307449728250504,-0.6366048455238342,-0.2565213143825531,0.9993273615837097,0.0848039761185646,-0.6180452704429626,-0.17441913485527039,0.999325692653656,-0.06408615410327911,-0.6255993843078613,-0.1446327269077301,0.9991937279701233,0.013364439830183983,-0.5642733573913574,-0.24530963599681854,0.9997802972793579,-0.030747581273317337,-0.5655246376991272,-0.23432116210460663,0.9997585415840149,0.18681634962558746,-0.40902119874954224,-0.1149645522236824,0.9991927742958069,-0.14005856215953827,-0.44110724329948425,-0.050518810749053955,0.9994168877601624,0.1941220462322235,-0.20582976937294006,-0.2231273204088211,0.9636842012405396,-0.2337784618139267,-0.2291649580001831,-0.16067081689834595,0.8773170709609985,0.017252758145332336,-0.29622334241867065,-0.3802703022956848,0.7657082080841064,-0.16513536870479584,-0.31885048747062683,-0.3734559416770935,0.703712522983551,-0.04907990247011185,-0.31936541199684143,-0.42353180050849915,0.7050920724868774,-0.13403455913066864,-0.34378308057785034,-0.4240591824054718,0.6636157631874084,-0.04875246062874794,-0.36658361554145813,-0.4239030182361603,0.7435935735702515,-0.11846306920051575,-0.39126479625701904,-0.41385796666145325,0.6960633397102356,-0.0023840346839278936,-0.3225262463092804,-0.38298624753952026,0.7206698656082153,-0.14496348798274994,-0.3382328748703003,-0.37538233399391174,0.6819419264793396,0.11339211463928223,-0.0002796765766106546,-0.011431829072535038,0.38332900404930115,-0.11228635907173157,-0.00525002833455801,0.01243444811552763,0.4052228629589081,0.1296105980873108,-0.058828189969062805,-0.10514244437217712,0.09720019996166229,-0.1468704789876938,-0.06681733578443527,-0.10146208852529526,0.095965676009655,0.128458634018898,0.2138788402080536,0.19166068732738495,0.019975032657384872,-0.09216611832380295,0.37860894203186035,0.20209912955760956,0.029812725260853767,0.12902335822582245,0.2249811440706253,0.21081574261188507,0.010561367496848106,-0.07488298416137695,0.39850372076034546,0.2354334145784378,0.0185315553098917,0.1420857310295105,0.18505562841892242,-0.021569862961769104,0.02055951952934265,-0.07793999463319778,0.4168016314506531,0.0317172035574913,0.027761606499552727,8,0.266,0.6958301067352295,0.6848640441894531,2.8956290520909533e-07,,0.6730330586433411,0.6604505777359009,-0.0019260518020018935,,0.6644769906997681,0.6211274862289429,-0.006983564235270023,,0.6625441908836365,0.5925108194351196,-0.013259420171380043,,0.6614136695861816,0.566307783126831,-0.020374534651637077,,0.6701643466949463,0.5554192662239075,-0.00922869611531496,,0.6697002649307251,0.4973267912864685,-0.019482336938381195,,0.6673476696014404,0.4594014883041382,-0.027410199865698814,,0.665624737739563,0.4272732734680176,-0.03302178904414177,,0.6766560077667236,0.558018684387207,-0.01631106249988079,,0.6769017577171326,0.493844211101532,-0.025368032976984978,,0.6752302646636963,0.4492928385734558,-0.03318578749895096,,0.6747833490371704,0.410430371761322,-0.039033353328704834,,0.6846905946731567,0.5710487365722656,-0.023653840646147728,,0.6887025237083435,0.5075495839118958,-0.03221496194601059,,0.6892778277397156,0.466916024684906,-0.03842609375715256,,0.6889459490776062,0.4312591254711151,-0.043229956179857254,,0.6936783790588379,0.5931715369224548,-0.03121042065322399,,0.7002596855163574,0.5483624935150146,-0.03873628377914429,,0.7017351984977722,0.5163745880126953,-0.04191753640770912,,0.702159583568573,0.487024188041687,-0.04430659860372543,,0.5492561459541321,0.7076627016067505,-1.3953214761386334e-07,,0.5729331374168396,0.704132616519928,-0.009229414165019989,,0.5916966199874878,0.6919640302658081,-0.01733744703233242,,0.6030359864234924,0.6793500781059265,-0.02527061104774475,,0.6101964712142944,0.6697478890419006,-0.03203826770186424,,0.5849561095237732,0.608869194984436,-0.012506718747317791,,0.5996093153953552,0.6415214538574219,-0.02691410295665264,,0.5894431471824646,0.6719337105751038,-0.03690119832754135,,0.5800847411155701,0.678712785243988,-0.042760513722896576,,0.5683708190917969,0.6037096381187439,-0.013892363756895065,,0.5849041938781738,0.6466293931007385,-0.026322543621063232,,0.5767534971237183,0.6740663051605225,-0.03074934147298336,,0.5685259103775024,0.6803404688835144,-0.033045027405023575,,0.5523727536201477,0.6099328398704529,-0.016683191061019897,,0.5690464973449707,0.6479482054710388,-0.02764030359685421,,0.5643019676208496,0.6716410517692566,-0.027040284126996994,,0.5572823286056519,0.6784835457801819,-0.025255408138036728,,0.5385237336158752,0.6240161061286926,-0.020529521629214287,,0.5484536290168762,0.6388543248176575,-0.027428198605775833,,0.5474231839179993,0.654794454574585,-0.026365866884589195,,0.5438384413719177,0.6621053814888,-0.02410021424293518,
-0.0049085658974945545,-0.5966262221336365,-0.2633479833602905,0.9996391534805298,0.012887660413980484,-0.6348630785942078,-0.25545746088027954,0.9993600249290466,0.012092504650354385,-0.634462833404541,-0.2574325501918793,0.9994200468063354,0.012500086799263954,-0.6343522667884827,-0.25481513142585754,0.9993417859077454,-0.02296994999051094,-0.6379777193069458,-0.2536967694759369,0.9993744492530823,-0.020981183275580406,-0.6382603645324707,-0.25465184450149536,0.9994451999664307,-0.021692762151360512,-0.637153148651123,-0.2504179775714874,0.9993820190429688,0.09264189749956131,-0.6175603866577148,-0.1659533530473709,0.9993833899497986,-0.05527748167514801,-0.6256155371665955,-0.1384858787059784,0.9992649555206299,0.021977081894874573,-0.564848005771637,-0.2398022711277008,0.999799370765686,-0.02197313867509365,-0.5662028193473816,-0.22941254079341888,0.9997797608375549,0.18891482055187225,-0.4088071584701538,-0.11038979142904282,0.9992507696151733,-0.13481883704662323,-0.4407268762588501,-0.05126740783452988,0.9994601011276245,0.19445285201072693,-0.2054702192544937,-0.215694859623909,0.9670428037643433,-0.23293562233448029,-0.2292628139257431,-0.15443843603134155,0.88916015625,0.019653990864753723,-0.3032201826572418,-0.3729434609413147,0.788713276386261,-0.1610310822725296,-0.3351062536239624,-0.3636610209941864,0.7330340147018433,-0.04563457891345024,-0.3276779055595398,-0.41648149490356445,0.7319315671920776,-0.13103078305721283,-0.36469322443008423,-0.41333329677581787,0.6955053210258484,-0.045802462846040726,-0.3752408027648926,-0.4078366458415985,0.766385555267334,-0.11773939430713654,-0.4126640260219574,-0.41283977031707764,0.7245466113090515,-7.506935071432963e-05,-0.3297545611858368,-0.38189780712127686,0.7453022003173828,-0.14195790886878967,-0.3556634783744812,-0.36743104457855225,0.7113222479820251,0.11339250952005386,4.0133410948328674e-05,-0.011532324366271496,0.4043813645839691,-0.11221583932638168,-0.005417616572231054,0.01254154834896326,0.42548561096191406,0.1389012336730957,-0.05537275969982147,-0.10806553065776825,0.0977739691734314,-0.13940048217773438,-0.047054387629032135,-0.10401997715234756,0.09595398604869843,0.14675046503543854,0.217827707529068,0.19027192890644073,0.020535318180918694,-0.06731028109788895,0.38332313299179077,0.19691713154315948,0.029052944853901863,0.1490640938282013,0.23025956749916077,0.21013444662094116,0.01091971155256033,-0.04984595254063606,0.4033854007720947,0.22996458411216736,0.018372228369116783,0.16247570514678955,0.1948815882205963,-0.030356859788298607,0.020443586632609367,-0.05608157813549042,0.42551013827323914,0.029771439731121063,0.026733651757240295,9,0.3,0.6916173696517944,0.6742261648178101,2.2542640465417207e-07,,0.6684797406196594,0.6472923755645752,-0.0008954743971116841,,0.6606346368789673,0.6090465784072876,-0.004838845692574978,,0.6586265563964844,0.5821940898895264,-0.010175990872085094,,0.6564404964447021,0.5587667226791382,-0.01616598479449749,,0.6655771732330322,0.5458207130432129,-0.005334727931767702,,0.666961133480072,0.4916452467441559,-0.013985008001327515,,0.6656161546707153,0.45880329608917236,-0.021018505096435547,,0.664370059967041,0.4301178455352783,-0.02618422731757164,,0.6722033619880676,0.5464988350868225,-0.012076729908585548,,0.6738605499267578,0.4849664866924286,-0.01987065188586712,,0.6730085611343384,0.44424891471862793,-0.026907552033662796,,0.6727976202964783,0.40783971548080444,-0.03234126791357994,,0.6802955269813538,0.5573597550392151,-0.0192492064088583,,0.6852602958679199,0.4953945279121399,-0.026599664241075516,,0.6861704587936401,0.4568151831626892,-0.032328736037015915,,0.6862890720367432,0.422603964805603,-0.03685709461569786,,0.6891710162162781,0.577148973941803,-0.02664785459637642,,0.695902407169342,0.5323641300201416,-0.03300142660737038,,0.6972382068634033,0.501144528388977,-0.035986609756946564,,0.6980590224266052,0.47245508432388306,-0.038403745740652084,,0.5620993375778198,0.6880102157592773,-1.4709188178585464e-07,,0.5887320637702942,0.6731228232383728,-0.004156324081122875,,0.6073801517486572,0.6577969789505005,-0.010530960746109486,,0.6196655035018921,0.6485791206359863,-0.017653675749897957,,0.627780556678772,0.6440201997756958,-0.024101069197058678,,0.5960546731948853,0.5842844843864441,-0.01093426626175642,,0.6148410439491272,0.6209702491760254,-0.02414337918162346,,0.6051104068756104,0.6506019830703735,-0.03255657106637955,,0.595511257648468,0.6527298092842102,-0.03774011880159378,,0.5792603492736816,0.5834741592407227,-0.015052247792482376,,0.6017928123474121,0.6263018846511841,-0.026135608553886414,,0.5944358706474304,0.6542065739631653,-0.029238469898700714,,0.586882472038269,0.6546794176101685,-0.03137163817882538,,0.5638094544410706,0.5953606367111206,-0.020020224153995514,,0.5852857232093811,0.6253923773765564,-0.030741775408387184,,0.5830910801887512,0.6527127027511597,-0.028816429898142815,,0.5778364539146423,0.6559961438179016,-0.026843935251235962,,0.5509805679321289,0.6162524819374084,-0.025379208847880363,,0.5590293407440186,0.6140645146369934,-0.032535370439291,,0.5604143738746643,0.6198017597198486,-0.031073056161403656,,0.5605947375297546,0.6162589192390442,-0.02919105254113674,
0.0012447250774130225,-0.5968199372291565,-0.25539350509643555,0.9996699690818787,0.01995527744293213,-0.6350291967391968,-0.2464606910943985,0.9994146227836609,0.019176429137587547,-0.6346336007118225,-0.24843496084213257,0.9994683861732483,0.01957310549914837,-0.6345263719558716,-0.24586324393749237,0.999396800994873,-0.01610480435192585,-0.638232946395874,-0.24494118988513947,0.9994277358055115,-0.0141068734228611,-0.6385405659675598,-0.24578604102134705,0.9994909763336182,-0.014819719828665257,-0.6374481320381165,-0.24156753718852997,0.999433696269989,0.09905827045440674,-0.617689847946167,-0.1551467627286911,0.9994373917579651,-0.04898649826645851,-0.6260423064231873,-0.12822146713733673,0.9993308186531067,0.02766752615571022,-0.565298318862915,-0.23139849305152893,0.9998170733451843,-0.016395308077335358,-0.5666902661323547,-0.221280038356781,0.9997992515563965,0.1902828961610794,-0.40914294123649597,-0.10356969386339188,0.9993064403533936,-0.13020971417427063,-0.44002822041511536,-0.0469701811671257,0.9995002150535583,0.19411997497081757,-0.2059485912322998,-0.20404784381389618,0.9701182842254639,-0.23171232640743256,-0.2292778342962265,-0.1517561972141266,0.8998873829841614,0.0189447570592165,-0.3063056170940399,-0.3612845540046692,0.8095000386238098,-0.15081259608268738,-0.34605202078819275,-0.3567367494106293,0.7594749927520752,-0.046214621514081955,-0.331341415643692,-0.4020666778087616,0.7563924193382263,-0.12019810080528259,-0.3790747821331024,-0.40707871317863464,0.7243300676345825,-0.045429348945617676,-0.37755700945854187,-0.38045015931129456,0.787206768989563,-0.10968035459518433,-0.42702049016952515,-0.3827987313270569,0.7502998113632202,-0.00037218592478893697,-0.33249449729919434,-0.3607020974159241,0.7679011821746826,-0.1330619752407074,-0.3674863278865814,-0.3524499535560608,0.7379374504089355,0.11337747424840927,9.876102558337152e-05,-0.01206036563962698,0.4249913990497589,-0.11205685138702393,-0.005445243325084448,0.013051225803792477,0.4455239772796631,0.14406846463680267,-0.05907005816698074,-0.11055350303649902,0.09559466689825058,-0.13827268779277802,-0.045882273465394974,-0.10424894839525223,0.09361039847135544,0.1553909182548523,0.21958020329475403,0.18780212104320526,0.02038785256445408,-0.06373441964387894,0.3862561881542206,0.19819603860378265,0.027689769864082336,0.15817300975322723,0.23219288885593414,0.20762531459331512,0.010962462984025478,-0.0468316376209259,0.4063921272754669,0.2322462648153305,0.017888488247990608,0.169249027967453,0.19332295656204224,-0.03219645470380783,0.019817262887954712,-0.05606578290462494,0.4290105998516083,0.02715764194726944,0.025284914299845695,10,0.333,0.688292384147644,0.6661050915718079,2.2289241030648554e-07,,0.6651584506034851,0.6375860571861267,-0.000168779501109384,,0.6562328934669495,0.5978437662124634,-0.0034605369437485933,,0.6542011499404907,0.5704348087310791,-0.008278644643723965,,0.6532913446426392,0.5466911196708679,-0.013698694296181202,,0.661427915096283,0.5380421280860901,-0.0037699188105762005,,0.6632010340690613,0.48383092880249023,-0.01187643688172102,,0.662583589553833,0.45112472772598267,-0.01848287507891655,,0.6622406840324402,0.4227631092071533,-0.023277757689356804,,0.668158769607544,0.5381563305854797,-0.010476445779204369,,0.6696820259094238,0.47622159123420715,-0.01777687296271324,,0.6692349314689636,0.43643948435783386,-0.024271991103887558,,0.6693828105926514,0.40160810947418213,-0.02916761301457882,,0.6764711141586304,0.5480354428291321,-0.017621491104364395,,0.680564820766449,0.48568984866142273,-0.024460215121507645,,0.6812884211540222,0.447992205619812,-0.029572030529379845,,0.6813703179359436,0.41501685976982117,-0.033541206270456314,,0.685351550579071,0.566631555557251,-0.024963486939668655,,0.6909511685371399,0.520929753780365,-0.03080112673342228,,0.6923028826713562,0.49018412828445435,-0.03327169641852379,,0.6932509541511536,0.4622214436531067,-0.03521346673369408,,0.5621874928474426,0.665021538734436,-1.2543560501399043e-07,,0.593575119972229,0.6500051021575928,-0.0011278847232460976,,0.6153144240379333,0.6301285028457642,-0.005753146018832922,,0.628915548324585,0.6171571016311646,-0.01178832072764635,,0.6346556544303894,0.6146371364593506,-0.017851831391453743,,0.6020979285240173,0.5622618198394775,-0.00798064935952425,,0.6236894726753235,0.5973726511001587,-0.019064074382185936,,0.6203029751777649,0.6315568089485168,-0.026562683284282684,,0.6137827038764954,0.646181046962738,-0.030960965901613235,,0.5879790186882019,0.5648803114891052,-0.0128624327480793,,0.6137545108795166,0.604607343673706,-0.02237273007631302,,0.6110219359397888,0.6355767250061035,-0.02571657858788967,,0.6053760647773743,0.6467463374137878,-0.027786994352936745,,0.5745622515678406,0.5793803334236145,-0.018103500828146935,,0.5993824601173401,0.6093693375587463,-0.027160843834280968,,0.6011377573013306,0.6373201012611389,-0.026255810633301735,,0.5987097024917603,0.6482738852500916,-0.024786293506622314,,0.5632491111755371,0.6018802523612976,-0.023481912910938263,,0.5764387249946594,0.6042080521583557,-0.02906087599694729,,0.5824437141418457,0.6088894009590149,-0.02779061533510685,,0.5869871377944946,0.6093409657478333,-0.026164816692471504,
0.005379155743867159,-0.5973421931266785,-0.2533469796180725,0.9996963739395142,0.024765323847532272,-0.6354199051856995,-0.24463017284870148,0.9994616508483887,0.02398574724793434,-0.6350256204605103,-0.24664665758609772,0.9995098114013672,0.024394307285547256,-0.6349230408668518,-0.2441045045852661,0.9994443655014038,-0.011189066804945469,-0.6386613845825195,-0.2426450550556183,0.9994730949401855,-0.009205767884850502,-0.6389832496643066,-0.24337773025035858,0.9995293021202087,-0.009907962754368782,-0.6378966569900513,-0.2391752004623413,0.9994773268699646,0.10530506074428558,-0.6176568269729614,-0.15374690294265747,0.9994844794273376,-0.0417642705142498,-0.6264367699623108,-0.12463025003671646,0.9993869662284851,0.03204362466931343,-0.5657531023025513,-0.22944611310958862,0.9998323321342468,-0.01174517534673214,-0.56718510389328,-0.21881701052188873,0.9998159408569336,0.19305112957954407,-0.40909725427627563,-0.10346144437789917,0.9993545413017273,-0.12337344884872437,-0.44043564796447754,-0.04509953781962395,0.9995347261428833,0.19202324748039246,-0.20574891567230225,-0.1993333250284195,0.9728057384490967,-0.229197695851326,-0.23283062875270844,-0.1501462608575821,0.9093934893608093,0.0194524135440588,-0.30981630086898804,-0.3515848219394684,0.8281020522117615,-0.14138822257518768,-0.3624177575111389,-0.34489595890045166,0.7831978797912598,-0.0448189303278923,-0.3367355763912201,-0.3885142505168915,0.7780854105949402,-0.11100582033395767,-0.3976411521434784,-0.39335334300994873,0.7500393986701965,-0.043964799493551254,-0.3825635612010956,-0.36516961455345154,0.8056271076202393,-0.10177219659090042,-0.4453888237476349,-0.3604002892971039,0.7732343673706055,0.0006576806190423667,-0.3360588550567627,-0.3472929000854492,0.7878084182739258,-0.12447648495435715,-0.38389161229133606,-0.33738982677459717,0.7615039348602295,0.11335133016109467,0.00030950774089433253,-0.012853655032813549,0.43655315041542053,-0.11183629930019379,-0.005604109261184931,0.0139069939032197,0.4572242498397827,0.14813855290412903,-0.0627884790301323,-0.11177392303943634,0.09583476185798645,-0.13492850959300995,-0.052986420691013336,-0.10421580076217651,0.09405232965946198,0.1618150770664215,0.21667614579200745,0.18789775669574738,0.020702727138996124,-0.058696623891592026,0.3860247731208801,0.20230430364608765,0.027047721669077873,0.16455645859241486,0.2292613983154297,0.20813754200935364,0.011190787889063358,-0.041837241500616074,0.405618816614151,0.23787125945091248,0.01785098761320114,0.175320103764534,0.18463431298732758,-0.03158992528915405,0.01960904523730278,-0.05389312654733658,0.42410704493522644,0.028923269361257553,0.024449124932289124,11,0.367,0.6856037974357605,0.6622048616409302,2.4959746269814787e-07,,0.6592451930046082,0.6384705901145935,-0.0025454803835600615,,0.6477082967758179,0.5986368060112,-0.006571595091372728,,0.6445543169975281,0.5717971920967102,-0.01177817489951849,,0.6443278789520264,0.5528327226638794,-0.01743135042488575,,0.6565060019493103,0.5300337076187134,-0.004031151998788118,,0.6593889594078064,0.47567224502563477,-0.0120221683755517,,0.6601462364196777,0.44197186827659607,-0.01897534541785717,,0.661003828048706,0.4136512875556946,-0.024198945611715317,,0.664054274559021,0.5308082699775696,-0.009792211465537548,,0.6661971807479858,0.46859651803970337,-0.01675640232861042,,0.6670761704444885,0.4290704131126404,-0.023096203804016113,,0.6683549284934998,0.394739031791687,-0.027952484786510468,,0.6730257272720337,0.5412719249725342,-0.016399631276726723,,0.6773709654808044,0.4793599843978882,-0.0229946356266737,,0.6787987351417542,0.4424627423286438,-0.027875805273652077,,0.6794294118881226,0.4096667766571045,-0.03175819292664528,,0.6827642321586609,0.5604653358459473,-0.023555319756269455,,0.6886848211288452,0.5148712396621704,-0.029293088242411613,,0.6902486085891724,0.48416459560394287,-0.031876105815172195,,0.6910955905914307,0.4554528594017029,-0.03396977111697197,,0.5674372315406799,0.65085768699646,-8.855668909291126e-08,,0.5948495864868164,0.6389830112457275,-0.0013223561691120267,,0.6159836053848267,0.6146931052207947,-0.005132528953254223,,0.6299691200256348,0.6020683646202087,-0.010282284580171108,,0.6348757743835449,0.6057689785957336,-0.014976928010582924,,0.6029661297798157,0.5441864728927612,-0.004990311339497566,,0.6227951645851135,0.5786699056625366,-0.016218479722738266,,0.6228310465812683,0.6128334403038025,-0.02274009957909584,,0.6223501563072205,0.6292892098426819,-0.025578143075108528,,0.5901672840118408,0.5473443269729614,-0.009676334448158741,,0.612842857837677,0.5875482559204102,-0.021200280636548996,,0.6147958636283875,0.6215705871582031,-0.0240989588201046,,0.6164755821228027,0.639272928237915,-0.024294156581163406,,0.5772020816802979,0.5616880655288696,-0.015276475809514523,,0.5983892679214478,0.5958682298660278,-0.027654195204377174,,0.6051215529441833,0.6295419931411743,-0.028985483571887016,,0.6094659566879272,0.6494868993759155,-0.02699645236134529,,0.567345142364502,0.5831218957901001,-0.0208706334233284,,0.5790737867355347,0.5788643956184387,-0.027820896357297897,,0.5830938220024109,0.5786483883857727,-0.02852902002632618,,0.5869198441505432,0.5804001688957214,-0.02751701883971691,
0.010836263187229633,-0.5985950231552124,-0.24368704855442047,0.999718964099884,0.030787264928221703,-0.636326014995575,-0.23465409874916077,0.9995022416114807,0.030021341517567635,-0.6359283328056335,-0.23667746782302856,0.9995452761650085,0.030411381274461746,-0.6358401775360107,-0.23413780331611633,0.9994856119155884,-0.005126558244228363,-0.6398155689239502,-0.23280119895935059,0.9995118379592896,-0.0031444705091416836,-0.640131950378418,-0.233507439494133,0.9995615482330322,-0.0038498833309859037,-0.6390373706817627,-0.2293260395526886,0.9995142817497253,0.11072507500648499,-0.6177192330360413,-0.14351007342338562,0.9995256066322327,-0.03597502037882805,-0.627281129360199,-0.11515307426452637,0.999435305595398,0.03693677484989166,-0.5664145946502686,-0.2196095734834671,0.9998452663421631,-0.006700912490487099,-0.5682775378227234,-0.2092852145433426,0.9998300075531006,0.1948428899049759,-0.4092995822429657,-0.09656450152397156,0.999393880367279,-0.11892417818307877,-0.44085144996643066,-0.038229309022426605,0.9995619654655457,0.1905965656042099,-0.20590920746326447,-0.18743781745433807,0.9752755761146545,-0.2270856648683548,-0.2379312664270401,-0.13973253965377808,0.9179980158805847,0.020523695275187492,-0.30916082859039307,-0.33323201537132263,0.8449273705482483,-0.14438846707344055,-0.3677516579627991,-0.3283756971359253,0.8045878410339355,-0.0427006296813488,-0.3342214524745941,-0.3691125512123108,0.7979333400726318,-0.1171339899301529,-0.4005357027053833,-0.37571123242378235,0.7733115553855896,-0.043388426303863525,-0.3789224922657013,-0.3486303985118866,0.8225484490394592,-0.1075592190027237,-0.4474320411682129,-0.34523218870162964,0.794012188911438,0.0015687000704929233,-0.33470216393470764,-0.3287575840950012,0.8062043190002441,-0.12787912786006927,-0.3885124921798706,-0.32231172919273376,0.7830277681350708,0.11331912875175476,0.0005066266749054193,-0.013140534982085228,0.4504687786102295,-0.11166009306907654,-0.005698489490896463,0.014183633960783482,0.4707629382610321,0.15196989476680756,-0.06099169701337814,-0.11196369677782059,0.0953609049320221,-0.13050216436386108,-0.051997534930706024,-0.104420006275177,0.09360296279191971,0.1651700735092163,0.21777993440628052,0.1864735186100006,0.020808007568120956,-0.05443436652421951,0.3873829245567322,0.20076493918895721,0.026307284832000732,0.1680452674627304,0.23040610551834106,0.20660962164402008,0.011212838813662529,-0.037697818130254745,0.40706026554107666,0.23596258461475372,0.017562400549650192,0.18062931299209595,0.18929439783096313,-0.03144863620400429,0.019251085817813873,-0.04841415584087372,0.42569419741630554,0.02744734287261963,0.023503560572862625,12,0.4,0.6861797571182251,0.661142110824585,2.794360796087858e-07,,0.6575782299041748,0.6386433243751526,-0.0028819823637604713,,0.6449859142303467,0.601069986820221,-0.007784263696521521,,0.6396260857582092,0.5790282487869263,-0.014180624857544899,,0.6361541748046875,0.5726677179336548,-0.02126392163336277,,0.6553475260734558,0.5251876711845398,-0.0034749447368085384,,0.6581937074661255,0.47005438804626465,-0.012204817496240139,,0.6596490144729614,0.43455812335014343,-0.020049992948770523,,0.6613860130310059,0.4048624634742737,-0.02596922591328621,,0.6623703241348267,0.5262463092803955,-0.009935942478477955,,0.6651626229286194,0.4642162024974823,-0.01728285290300846,,0.6670928597450256,0.42366737127304077,-0.02369614876806736,,0.6697902679443359,0.3880375027656555,-0.028628958389163017,,0.670610785484314,0.5368561148643494,-0.017488695681095123,,0.67645263671875,0.47475698590278625,-0.02417251281440258,,0.6790117025375366,0.43698450922966003,-0.02870720624923706,,0.6808331608772278,0.40236514806747437,-0.03230658918619156,,0.6800857782363892,0.5562158823013306,-0.025833286345005035,,0.6871778964996338,0.5101507902145386,-0.030955536291003227,,0.689440131187439,0.47822532057762146,-0.032916489988565445,,0.6907605528831482,0.4474453330039978,-0.034740276634693146,,0.5781598091125488,0.6429455876350403,-8.494380665524659e-08,,0.6019348502159119,0.6245208382606506,-0.0054124086163938046,,0.6199375987052917,0.6020838022232056,-0.0123099684715271,,0.6306038498878479,0.5893898010253906,-0.0198738481849432,,0.6315370798110962,0.5900988578796387,-0.026571951806545258,,0.60222989320755,0.527773916721344,-0.00979615468531847,,0.6199151873588562,0.5552712678909302,-0.02316024899482727,,0.6206048727035522,0.5912269353866577,-0.02996818907558918,,0.6198182106018066,0.6105849146842957,-0.03240252658724785,,0.5870451927185059,0.5299810767173767,-0.01329495757818222,,0.607650637626648,0.562788188457489,-0.02850278653204441,,0.610689640045166,0.6014600396156311,-0.03280362859368324,,0.6116930842399597,0.6225410103797913,-0.03294454887509346,,0.5722162127494812,0.5464513897895813,-0.017940739169716835,,0.5913949608802795,0.5653781294822693,-0.03328251466155052,,0.5993760228157043,0.603263795375824,-0.034723978489637375,,0.603864312171936,0.6263478398323059,-0.03189637139439583,,0.5615509748458862,0.5713671445846558,-0.022729482501745224,,0.5663076639175415,0.5494345426559448,-0.0318722128868103,,0.5681551694869995,0.5312268137931824,-0.03405597805976868,,0.570505678653717,0.5129750967025757,-0.033811941742897034,
0.016101812943816185,-0.5988757014274597,-0.2452089786529541,0.9997376799583435,0.03665754944086075,-0.6365723013877869,-0.236520454287529,0.999536395072937,0.035895928740501404,-0.6361755728721619,-0.23852558434009552,0.9995749592781067,0.036274898797273636,-0.6360896825790405,-0.235996812582016,0.9995201826095581,0.0006360255065374076,-0.6400585770606995,-0.2343917340040207,0.9995437264442444,0.0026140697300434113,-0.6403856873512268,-0.23511119186878204,0.9995872974395752,0.0018974457634612918,-0.6392955780029297,-0.23094584047794342,0.999544084072113,0.11736945062875748,-0.6176416277885437,-0.14575691521167755,0.9995602369308472,-0.029737740755081177,-0.6274357438087463,-0.1161598488688469,0.9994751214981079,0.04236703738570213,-0.5667128562927246,-0.22105076909065247,0.9998561143875122,-0.0013806602219119668,-0.568514347076416,-0.21040037274360657,0.999841570854187,0.19872784614562988,-0.40949347615242004,-0.09856730699539185,0.9994266629219055,-0.11346585303544998,-0.4421357810497284,-0.039454735815525055,0.9995841383934021,0.18805944919586182,-0.2057756781578064,-0.18723046779632568,0.9775197505950928,-0.21989603340625763,-0.24156157672405243,-0.13825663924217224,0.9257697463035583,0.021222298964858055,-0.31295251846313477,-0.33209121227264404,0.8601101040840149,-0.1454043984413147,-0.37179407477378845,-0.32422980666160583,0.8238692283630371,-0.0412343293428421,-0.3387662172317505,-0.3686682879924774,0.8159334659576416,-0.12010759860277176,-0.4039567708969116,-0.37166085839271545,0.794343888759613,-0.040659233927726746,-0.38302990794181824,-0.3504146337509155,0.8379110097885132,-0.1101132482290268,-0.45075273513793945,-0.3441421389579773,0.8127797842025757,0.0021749779116362333,-0.3386372923851013,-0.32811400294303894,0.8229705691337585,-0.12912040948867798,-0.39247962832450867,-0.3196145296096802,0.8025549054145813,0.11334694176912308,0.001107100397348404,-0.01354795042425394,0.46518194675445557,-0.11163119971752167,-0.0060135480016469955,0.014541754499077797,0.484952449798584,0.15324261784553528,-0.05933980271220207,-0.11782027035951614,0.09324982017278671,-0.12969599664211273,-0.05740535259246826,-0.10794046521186829,0.09129948914051056,0.16514673829078674,0.22120466828346252,0.1782308965921402,0.02055908925831318,-0.05398361757397652,0.3883640170097351,0.19923289120197296,0.025151105597615242,0.16799205541610718,0.2339014708995819,0.19733108580112457,0.011112188920378685,-0.03733079135417938,0.40807268023490906,0.23395009338855743,0.017061302438378334,0.17987991869449615,0.1916678249835968,-0.038693055510520935,0.01862577721476555,-0.04563751816749573,0.42617592215538025,0.026602374389767647,0.02226851135492325,13,0.433,0.6889858245849609,0.657533586025238,2.3279810079657182e-07,,0.6609724760055542,0.6251514554023743,-0.0006982692866586149,,0.6512120366096497,0.5747063755989075,-0.0027427272871136665,,0.6514817476272583,0.5380359292030334,-0.006428420078009367,,0.6542180180549622,0.5118526816368103,-0.010350829921662807,,0.6568543910980225,0.5223217010498047,0.0008786367252469063,,0.6601430773735046,0.4678507447242737,-0.006834181025624275,,0.6615265011787415,0.43351417779922485,-0.013695272617042065,,0.6631298065185547,0.4044100344181061,-0.018819555640220642,,0.6632767915725708,0.5225122570991516,-0.00551354605704546,,0.6668815016746521,0.4601815342903137,-0.012342399917542934,,0.6688165068626404,0.42014002799987793,-0.018029801547527313,,0.6715359687805176,0.3854500651359558,-0.022086061537265778,,0.6716645359992981,0.5320354700088501,-0.01294650137424469,,0.6779668927192688,0.46989694237709045,-0.019535399973392487,,0.6805503368377686,0.4322759211063385,-0.023005284368991852,,0.6823747754096985,0.39867258071899414,-0.025612711906433105,,0.6812255382537842,0.5496417880058289,-0.0209725983440876,,0.6883396506309509,0.5057429671287537,-0.02610268071293831,,0.690848708152771,0.4742875099182129,-0.027341775596141815,,0.6928057670593262,0.44479888677597046,-0.028365088626742363,,0.580398678779602,0.6315145492553711,-1.210501494597338e-07,,0.6027608513832092,0.6117917895317078,-0.007467336021363735,,0.6202065348625183,0.5873491764068604,-0.015387358143925667,,0.630033552646637,0.5724798440933228,-0.0240158811211586,,0.6314723491668701,0.5738015174865723,-0.03189796581864357,,0.6018362045288086,0.5154799818992615,-0.010992620140314102,,0.6197634935379028,0.5395897626876831,-0.025140171870589256,,0.6211233735084534,0.5738860964775085,-0.03242696821689606,,0.6202759742736816,0.5948768854141235,-0.03471917286515236,,0.586175799369812,0.5211817622184753,-0.013932159170508385,,0.6071454286575317,0.5475136041641235,-0.03032960742712021,,0.6102703809738159,0.5874018669128418,-0.03549870848655701,,0.6106036901473999,0.6113914847373962,-0.03544172644615173,,0.5718724727630615,0.5397447943687439,-0.018086334690451622,,0.5894175171852112,0.5516752004623413,-0.03436840698122978,,0.5978560447692871,0.5895522236824036,-0.035799965262413025,,0.6032292246818542,0.6136113405227661,-0.03203052282333374,,0.5612338185310364,0.5647252798080444,-0.022520761936903,,0.5626769065856934,0.5398603677749634,-0.030886610969901085,,0.5655542016029358,0.5242290496826172,-0.031606316566467285,,0.5704025030136108,0.5092276930809021,-0.02994474582374096,
0.016678284853696823,-0.5990741848945618,-0.24412252008914948,0.999755859375,0.03754459694027901,-0.6366810202598572,-0.23560650646686554,0.9995689392089844,0.03679727762937546,-0.6362846493721008,-0.2375611513853073,0.9996033310890198,0.03715698421001434,-0.6361996531486511,-0.23503157496452332,0.9995529055595398,0.0014393231831490993,-0.6402264833450317,-0.23329639434814453,0.9995749592781067,0.0034292929340153933,-0.640536904335022,-0.23408357799053192,0.9996132850646973,0.0026992822531610727,-0.6394410729408264,-0.2299283742904663,0.999573826789856,0.11904343962669373,-0.6176756620407104,-0.14509296417236328,0.9995927214622498,-0.02843633107841015,-0.6276167631149292,-0.11461498588323593,0.999514102935791,0.043202221393585205,-0.5668977499008179,-0.2198992520570755,0.9998664259910583,-0.0006712342728860676,-0.5686824321746826,-0.2090194821357727,0.9998528957366943,0.20004981756210327,-0.4096473455429077,-0.09836594015359879,0.9994561672210693,-0.1118398904800415,-0.4426811933517456,-0.03852351754903793,0.9996067881584167,0.18546508252620697,-0.2056649625301361,-0.18688863515853882,0.979584813117981,-0.21604877710342407,-0.2438988983631134,-0.13705047965049744,0.9328593611717224,0.021168624982237816,-0.31361594796180725,-0.33049076795578003,0.8738442063331604,-0.14629027247428894,-0.3743654787540436,-0.32218316197395325,0.8412715792655945,-0.040412936359643936,-0.3396126925945282,-0.3678780794143677,0.8323974013328552,-0.12190750986337662,-0.40655359625816345,-0.3698895573616028,0.813439667224884,-0.04006123170256615,-0.383987158536911,-0.35051268339157104,0.8520045876502991,-0.11168040335178375,-0.4533838927745819,-0.3441656529903412,0.8298467993736267,0.0026625182945281267,-0.33959197998046875,-0.32675984501838684,0.8383802771568298,-0.13008379936218262,-0.39538657665252686,-0.3184851408004761,0.8203792572021484,0.11334999650716782,0.0014354035956785083,-0.013795553706586361,0.4828316569328308,-0.11160382628440857,-0.006112649105489254,0.014714925549924374,0.5031846761703491,0.15340320765972137,-0.05897647514939308,-0.11992848664522171,0.09020685404539108,-0.1293828934431076,-0.05153283104300499,-0.10845943540334702,0.08857158571481705,0.164160817861557,0.228729248046875,0.17328856885433197,0.020118877291679382,-0.055673565715551376,0.3949514925479889,0.19810856878757477,0.02401755005121231,0.1669689565896988,0.2417997419834137,0.19135721027851105,0.010931755416095257,-0.03945697098970413,0.4165612459182739,0.23264223337173462,0.01650693267583847,0.1785075068473816,0.19945110380649567,-0.03967733308672905,0.017905844375491142,-0.048170194029808044,0.43136849999427795,0.025844166055321693,0.02105887234210968,14,0.467,0.688483476638794,0.6521016359329224,2.374857359654925e-07,,0.6612467169761658,0.6216101050376892,-0.0007063192315399647,,0.6509699821472168,0.5740044713020325,-0.0032780610490590334,,0.6481954455375671,0.5425585508346558,-0.007565668318420649,,0.64730304479599,0.5243291854858398,-0.012275591492652893,,0.6585366725921631,0.5129061341285706,0.0007764052134007215,,0.6612986922264099,0.4601432681083679,-0.006573178805410862,,0.662971019744873,0.4274924397468567,-0.013227071613073349,,0.665105402469635,0.4000871181488037,-0.018354110419750214,,0.6655741333961487,0.5142122507095337,-0.006032823119312525,,0.6688278317451477,0.4538763761520386,-0.012413185089826584,,0.6711052060127258,0.41467559337615967,-0.0180304367095232,,0.6740097999572754,0.3814222812652588,-0.022297410294413567,,0.6738383173942566,0.5254847407341003,-0.01393794547766447,,0.6805137991905212,0.46452224254608154,-0.02014358714222908,,0.6833710670471191,0.42679673433303833,-0.024134771898388863,,0.685218095779419,0.3928377032279968,-0.027405649423599243,,0.6828486919403076,0.5454015135765076,-0.02242649346590042,,0.6904429793357849,0.5013912916183472,-0.027399247512221336,,0.692834198474884,0.4701935946941376,-0.029109295457601547,,0.6943438649177551,0.44088849425315857,-0.030734850093722343,,0.5782793164253235,0.626488447189331,-1.2279988936825248e-07,,0.6016722321510315,0.60113924741745,-0.005092447157949209,,0.6188648343086243,0.5748210549354553,-0.012800266034901142,,0.6300470232963562,0.5586835145950317,-0.02128886803984642,,0.6330985426902771,0.5610458850860596,-0.029363352805376053,,0.5959458351135254,0.5066572427749634,-0.011739499866962433,,0.6195950508117676,0.5304316282272339,-0.025226760655641556,,0.6218310594558716,0.5643037557601929,-0.03235191851854324,,0.6198112368583679,0.5817793011665344,-0.035500869154930115,,0.5811769366264343,0.5153854489326477,-0.016253851354122162,,0.6085918545722961,0.5395071506500244,-0.03116331808269024,,0.6131496429443359,0.5739431977272034,-0.03556264191865921,,0.6124783754348755,0.5919278264045715,-0.036280449479818344,,0.5686325430870056,0.537788450717926,-0.02163415215909481,,0.5912682414054871,0.5481563210487366,-0.03661448881030083,,0.6016636490821838,0.5799142122268677,-0.037476569414138794,,0.6063438057899475,0.598147988319397,-0.0348191112279892,,0.5606380701065063,0.5670085549354553,-0.027142202481627464,,0.5630730390548706,0.5435991883277893,-0.036272164434194565,,0.5653335452079773,0.5275403261184692,-0.037487227469682693,,0.5682634115219116,0.5111282467842102,-0.03682937100529671,
0.01755600795149803,-0.5991820693016052,-0.2422327846288681,0.999772846698761,0.03839111328125,-0.636782705783844,-0.23366138339042664,0.9995993375778198,0.037660151720047,-0.6363859176635742,-0.23554714024066925,0.9996298551559448,0.03800010681152344,-0.6363031268119812,-0.23302406072616577,0.9995832443237305,0.0020838538184762,-0.6403226256370544,-0.23153173923492432,0.9996044635772705,0.004092870280146599,-0.6406483054161072,-0.23239648342132568,0.9996381402015686,0.003349039703607559,-0.6395571231842041,-0.22824980318546295,0.9996020793914795,0.11982835084199905,-0.6177317500114441,-0.14263781905174255,0.9996225833892822,-0.02838222123682499,-0.6277201771736145,-0.11266724765300751,0.9995508193969727,0.04419924318790436,-0.5670477151870728,-0.21768245100975037,0.9998759031295776,6.807781028328463e-05,-0.5688135623931885,-0.20699530839920044,0.9998635053634644,0.2005087286233902,-0.4100259840488434,-0.09570511430501938,0.9994821548461914,-0.11140690743923187,-0.4428865313529968,-0.0372544601559639,0.9996263980865479,0.18140994012355804,-0.2056327611207962,-0.1846396028995514,0.981448769569397,-0.21140079200267792,-0.2439507693052292,-0.1366460919380188,0.9392827153205872,0.02006845921278,-0.3143760561943054,-0.32610705494880676,0.886216402053833,-0.14360888302326202,-0.3737366199493408,-0.3194721043109894,0.8569480180740356,-0.040385495871305466,-0.33994007110595703,-0.3640117645263672,0.8471857309341431,-0.11874446272850037,-0.4063228964805603,-0.3669465482234955,0.8306099772453308,-0.039629898965358734,-0.3836674690246582,-0.3466479778289795,0.8646436333656311,-0.10909765958786011,-0.45347389578819275,-0.34195756912231445,0.8451721668243408,0.0024931663647294044,-0.340300977230072,-0.3224516212940216,0.8522307872772217,-0.1274997889995575,-0.39533960819244385,-0.3161660432815552,0.836384654045105,0.11335043609142303,0.0014797416515648365,-0.013856504112482071,0.49962079524993896,-0.11157833784818649,-0.006122067105025053,0.01473988126963377,0.5201586484909058,0.15384404361248016,-0.05819804221391678,-0.11957012116909027,0.08679695427417755,-0.1291770488023758,-0.047280699014663696,-0.10841332376003265,0.08564060926437378,0.16340172290802002,0.23389853537082672,0.17147812247276306,0.019644170999526978,-0.05721749737858772,0.40177884697914124,0.1977318525314331,0.022858764976263046,0.16621948778629303,0.24712303280830383,0.18883292376995087,0.01071157120168209,-0.04135100916028023,0.4248102307319641,0.23189912736415863,0.01586652360856533,0.17762723565101624,0.20873373746871948,-0.03924008458852768,0.01718939282000065,-0.05020740255713463,0.4418659210205078,0.0250269565731287,0.01985880732536316,15,0.5,0.6884793639183044,0.6512835025787354,2.186444447715985e-07,,0.6634508967399597,0.615860104560852,0.000821933092083782,,0.655064582824707,0.5655062198638916,-0.0011242460459470749,,0.6543497443199158,0.5298822522163391,-0.005003262776881456,,0.6561797261238098,0.5043941736221313,-0.00907186046242714,,0.6606627702713013,0.5136800408363342,0.0017706940416246653,,0.663461446762085,0.45917245745658875,-0.00541443657130003,,0.6650401949882507,0.4255146086215973,-0.011641335673630238,,0.6672149896621704,0.3972812592983246,-0.016329025849699974,,0.6667572855949402,0.5149243474006653,-0.005479505751281977,,0.6700439453125,0.45235198736190796,-0.011881735175848007,,0.6727274060249329,0.412127822637558,-0.01701616309583187,,0.6760755181312561,0.37836483120918274,-0.020747464150190353,,0.6750035881996155,0.5252647995948792,-0.01366641465574503,,0.681575357913971,0.4625922739505768,-0.019458115100860596,,0.6848763823509216,0.4241454601287842,-0.022663237527012825,,0.687166154384613,0.39035120606422424,-0.02533569373190403,,0.6848660707473755,0.5432685613632202,-0.022338256239891052,,0.6921396255493164,0.49843528866767883,-0.026621747761964798,,0.694580078125,0.46683982014656067,-0.027719441801309586,,0.6960399746894836,0.4376769959926605,-0.02887302078306675,,0.5749669671058655,0.6183404326438904,-1.611617221897177e-07,,0.6023586988449097,0.59541255235672,-0.0034322000574320555,,0.6191848516464233,0.5680634379386902,-0.010067234747111797,,0.6308426856994629,0.5514452457427979,-0.01775880716741085,,0.6379185318946838,0.5514578223228455,-0.025575248524546623,,0.6007122993469238,0.5009827017784119,-0.01261618360877037,,0.6247609257698059,0.5282354354858398,-0.025786954909563065,,0.6262829303741455,0.56252121925354,-0.03316991403698921,,0.6243059039115906,0.5815650820732117,-0.03671716898679733,,0.5862476825714111,0.5108458995819092,-0.017484670504927635,,0.6141409873962402,0.5368173122406006,-0.03205639496445656,,0.6181790828704834,0.5722362399101257,-0.03650445491075516,,0.6180150508880615,0.5957088470458984,-0.037495315074920654,,0.5736870765686035,0.5332207679748535,-0.02283034846186638,,0.598060667514801,0.5450657606124878,-0.037468235939741135,,0.608869194984436,0.5760622024536133,-0.03891584277153015,,0.6145593523979187,0.5991255640983582,-0.0367373488843441,,0.565186619758606,0.5614789128303528,-0.028121307492256165,,0.5679708123207092,0.5415941476821899,-0.03775553032755852,,0.5729735493659973,0.5320101380348206,-0.03928779438138008,,0.5801074504852295,0.5259870886802673,-0.03868537023663521,
0.018439125269651413,-0.5998625755310059,-0.23761728405952454,0.9997859597206116,0.0391387864947319,-0.6374220252037048,-0.22912175953388214,0.9996238350868225,0.038416072726249695,-0.6370254755020142,-0.23101483285427094,0.9996510148048401,0.038750059902668,-0.6369530558586121,-0.22848713397979736,0.9996081590652466,0.0028876708820462227,-0.6410176753997803,-0.2268584817647934,0.9996268153190613,0.004897897131741047,-0.6413301229476929,-0.22772695124149323,0.9996557235717773,0.0041509331203997135,-0.6402387022972107,-0.2235906571149826,0.9996225237846375,0.12114042043685913,-0.6183009147644043,-0.13872364163398743,0.9996476769447327,-0.026938553899526596,-0.6286464929580688,-0.10818210989236832,0.9995793700218201,0.045428477227687836,-0.5675908327102661,-0.21319998800754547,0.9998835325241089,0.001353411702439189,-0.5694947242736816,-0.2023685872554779,0.9998717308044434,0.20174837112426758,-0.41117018461227417,-0.09303189069032669,0.9995054006576538,-0.10985591262578964,-0.44367173314094543,-0.034560199826955795,0.9996418356895447,0.1790739893913269,-0.20674078166484833,-0.1812140941619873,0.9831093549728394,-0.21057896316051483,-0.2474730759859085,-0.1298426389694214,0.9450132846832275,0.01954629272222519,-0.31782007217407227,-0.320017546415329,0.8973259925842285,-0.14408248662948608,-0.3787073791027069,-0.3105078935623169,0.8710253238677979,-0.04023667052388191,-0.34328651428222656,-0.3586445748806,0.8604857325553894,-0.1196475550532341,-0.41041550040245056,-0.35749492049217224,0.8459748029708862,-0.039285458624362946,-0.38655880093574524,-0.3420410454273224,0.8760327100753784,-0.1095869168639183,-0.45826277136802673,-0.33434298634529114,0.8588807582855225,0.002394413109868765,-0.34344908595085144,-0.3168720602989197,0.8646953105926514,-0.12790754437446594,-0.4002816081047058,-0.30818110704421997,0.8507159948348999,0.1133466586470604,0.0015749434242025018,-0.013887838460505009,0.5117097496986389,-0.11155102401971817,-0.006143149919807911,0.014764899387955666,0.5318766832351685,0.15822811424732208,-0.057525958865880966,-0.11908406019210815,0.08450403809547424,-0.12412834912538528,-0.04514830559492111,-0.10834041982889175,0.08383187651634216,0.16712842881679535,0.23823551833629608,0.1714678853750229,0.01931057497859001,-0.05308224633336067,0.40458083152770996,0.19720296561717987,0.0220333244651556,0.1704229712486267,0.2517716586589813,0.18883410096168518,0.010529590770602226,-0.03692200407385826,0.4276818335056305,0.2312479019165039,0.015398434363305569,0.1845880001783371,0.21350514888763428,-0.038285888731479645,0.016630815342068672,-0.04314866289496422,0.4431207776069641,0.02448020502924919,0.018933944404125214,16,0.533,0.6906391382217407,0.6485329866409302,2.2020373080522404e-07,,0.6651790142059326,0.6128890514373779,0.0006698464276269078,,0.6572008728981018,0.5618059635162354,-0.0012718901271000504,,0.6570109128952026,0.5269601941108704,-0.005106881260871887,,0.6582486629486084,0.5007577538490295,-0.00915773306041956,,0.6630765795707703,0.509817898273468,0.0009466775227338076,,0.6649263501167297,0.4549593925476074,-0.006490393076092005,,0.6661812663078308,0.4204864799976349,-0.012754427269101143,,0.6680721640586853,0.391693115234375,-0.01741528883576393,,0.6689462661743164,0.5120725035667419,-0.006186916492879391,,0.671339213848114,0.4509257972240448,-0.012965786270797253,,0.674379289150238,0.41094473004341125,-0.018218470737338066,,0.6783067584037781,0.3774690628051758,-0.022026561200618744,,0.6766077280044556,0.5231011509895325,-0.014234735630452633,,0.6828938722610474,0.4621441960334778,-0.020374417304992676,,0.6866779923439026,0.4237842559814453,-0.023671794682741165,,0.6897711753845215,0.3901687264442444,-0.026394451037049294,,0.6854427456855774,0.541553258895874,-0.02276214212179184,,0.6928145289421082,0.4972153902053833,-0.027275731787085533,,0.6958690285682678,0.46632638573646545,-0.028432665392756462,,0.6979833841323853,0.43789464235305786,-0.029637474566698074,,0.5792861580848694,0.6123863458633423,-1.2052943532125937e-07,,0.6056305766105652,0.5899933576583862,-0.0027551581151783466,,0.6232561469078064,0.5643382668495178,-0.008798472583293915,,0.6353912353515625,0.5501728653907776,-0.016022516414523125,,0.6402457356452942,0.5507814884185791,-0.022968867793679237,,0.601948082447052,0.49477463960647583,-0.010494123212993145,,0.6258313059806824,0.5187565684318542,-0.022740056738257408,,0.6285666227340698,0.5541543364524841,-0.028544031083583832,,0.6280403733253479,0.5752939581871033,-0.030763180926442146,,0.5877003073692322,0.5016041398048401,-0.015683259814977646,,0.614980936050415,0.5273790955543518,-0.030366025865077972,,0.6202992796897888,0.5658382177352905,-0.03396844118833542,,0.6215965151786804,0.5898849368095398,-0.03372037038207054,,0.5747659206390381,0.523232102394104,-0.021516134962439537,,0.5996221303939819,0.5378565788269043,-0.03666011244058609,,0.6104121804237366,0.5738521814346313,-0.03771918639540672,,0.6160306930541992,0.5969882607460022,-0.03472819924354553,,0.566303014755249,0.5518989562988281,-0.02719373255968094,,0.5723770260810852,0.5297938585281372,-0.036510027945041656,,0.5752887725830078,0.5150545239448547,-0.038077086210250854,,0.5788873434066772,0.5018898248672485,-0.037458036094903946,
0.020354388281702995,-0.6014862060546875,-0.23886260390281677,0.9997991323471069,0.041543345898389816,-0.6384668946266174,-0.23041284084320068,0.9996472001075745,0.04081140458583832,-0.6380686163902283,-0.23235973715782166,0.9996715188026428,0.041158877313137054,-0.6380037069320679,-0.2297954261302948,0.9996320605278015,0.005357081536203623,-0.6423853039741516,-0.22761037945747375,0.9996486902236938,0.007355556823313236,-0.6426953673362732,-0.228470578789711,0.9996736645698547,0.006613085512071848,-0.641610324382782,-0.2243533879518509,0.999643087387085,0.12454169243574142,-0.6183434128761292,-0.14064092934131622,0.9996707439422607,-0.02322780154645443,-0.6292607188224792,-0.10851126909255981,0.9996055364608765,0.047329843044281006,-0.5684278607368469,-0.21491657197475433,0.9998905062675476,0.0033784254919737577,-0.570827841758728,-0.2034272402524948,0.9998792409896851,0.20430029928684235,-0.4104093611240387,-0.09664075076580048,0.9995203018188477,-0.10768284648656845,-0.4446870684623718,-0.035769518464803696,0.9996533393859863,0.17787140607833862,-0.20566631853580475,-0.18554045259952545,0.9845674633979797,-0.2099137008190155,-0.24842588603496552,-0.13036948442459106,0.9500966668128967,0.019777555018663406,-0.3181324601173401,-0.32305586338043213,0.90726637840271,-0.1445748507976532,-0.37782853841781616,-0.3116230368614197,0.8836705088615417,-0.03905152156949043,-0.3448677062988281,-0.361565500497818,0.8722653985023499,-0.12055448442697525,-0.40871724486351013,-0.3588316738605499,0.8597779870033264,-0.03423886001110077,-0.3884812295436859,-0.3446084260940552,0.8860892057418823,-0.10973775386810303,-0.45566990971565247,-0.3352293372154236,0.8711925745010376,0.003374827792868018,-0.34388571977615356,-0.3197867274284363,0.8756812810897827,-0.12821945548057556,-0.3984212577342987,-0.3093617856502533,0.8635891675949097,0.11343491077423096,0.002016145968809724,-0.014050251804292202,0.5210703611373901,-0.11154152452945709,-0.006482457276433706,0.01492510549724102,0.5418828725814819,0.1595095992088318,-0.056680891662836075,-0.12154963612556458,0.08522025495767593,-0.12145388871431351,-0.04995781183242798,-0.11211013793945312,0.08449894189834595,0.16951051354408264,0.24035649001598358,0.16610731184482574,0.01962544396519661,-0.04990612342953682,0.40453970432281494,0.1949271559715271,0.021781718358397484,0.1728409379720688,0.25432848930358887,0.18348941206932068,0.010589326731860638,-0.033540278673172,0.4275117814540863,0.2293047159910202,0.015270009636878967,0.18634313344955444,0.21453671157360077,-0.045893698930740356,0.016548804938793182,-0.04004916176199913,0.4419550895690918,0.018528323620557785,0.018453463912010193,17,0.567,0.6926924586296082,0.6472005248069763,2.3674373039739294e-07,,0.6662227511405945,0.6144903302192688,0.0010412023402750492,,0.6571407318115234,0.5694928169250488,-0.0015349724562838674,,0.6528891921043396,0.5436940789222717,-0.00627215625718236,,0.6464970707893372,0.5310978293418884,-0.011650914326310158,,0.6634488701820374,0.5092964172363281,0.0009351607295684516,,0.6650800108909607,0.45495468378067017,-0.006608368828892708,,0.6667913198471069,0.42093533277511597,-0.013284801505506039,,0.6690733432769775,0.3918226361274719,-0.018344320356845856,,0.669029951095581,0.5115070939064026,-0.0068730260245501995,,0.671113908290863,0.4500129818916321,-0.013371385633945465,,0.6741160750389099,0.4102047085762024,-0.01886189542710781,,0.678045928478241,0.37589848041534424,-0.023113388568162918,,0.6767030954360962,0.5226008296012878,-0.01557103544473648,,0.682722270488739,0.4605351388454437,-0.021289831027388573,,0.686231255531311,0.4228591024875641,-0.02476990967988968,,0.6891690492630005,0.38875725865364075,-0.0278606116771698,,0.6859675645828247,0.5410395860671997,-0.024778377264738083,,0.6931279301643372,0.4954341650009155,-0.028833722695708275,,0.6962477564811707,0.4646058976650238,-0.029898684471845627,,0.698517382144928,0.4353982210159302,-0.03132081404328346,,0.5890814065933228,0.6081289052963257,-1.2149132544436725e-07,,0.6103171110153198,0.5870602130889893,-0.0058753336779773235,,0.6266834735870361,0.5636165142059326,-0.013396444730460644,,0.6372547745704651,0.5496716499328613,-0.02173043042421341,,0.6390330791473389,0.546451985836029,-0.02933500148355961,,0.6066465377807617,0.48947638273239136,-0.011096307076513767,,0.6261811852455139,0.5093051791191101,-0.024610454216599464,,0.628361701965332,0.5462974309921265,-0.03171611577272415,,0.6288270950317383,0.5698562860488892,-0.03413113206624985,,0.5911896228790283,0.49548304080963135,-0.014871674589812756,,0.6136791706085205,0.5167578458786011,-0.030708812177181244,,0.6187764406204224,0.5574250221252441,-0.03577567636966705,,0.6212719678878784,0.5839362144470215,-0.03594954311847687,,0.5773674249649048,0.5148423910140991,-0.019628584384918213,,0.5971956849098206,0.5240194797515869,-0.034827884286642075,,0.6070748567581177,0.5608198046684265,-0.03625680133700371,,0.6133096814155579,0.5857456922531128,-0.033070676028728485,,0.5678473114967346,0.5410068035125732,-0.02457559108734131,,0.5705662369728088,0.5139675140380859,-0.03275390341877937,,0.5725437998771667,0.4957311749458313,-0.03388809785246849,,0.5760498642921448,0.47932183742523193,-0.03282385319471359,
0.019548313692212105,-0.6016368269920349,-0.2399897426366806,0.9998108744621277,0.040525857359170914,-0.6385890245437622,-0.2315327376127243,0.9996676445007324,0.039800435304641724,-0.638191282749176,-0.2334764003753662,0.9996891617774963,0.040150731801986694,-0.6381269693374634,-0.23092637956142426,0.999652624130249,0.004281292669475079,-0.6425057053565979,-0.22878113389015198,0.9996682405471802,0.006283929105848074,-0.6428187489509583,-0.2296256572008133,0.9996897578239441,0.005545742344111204,-0.6417338848114014,-0.22550809383392334,0.9996616244316101,0.12360415607690811,-0.6183836460113525,-0.14100901782512665,0.9996911883354187,-0.023972680792212486,-0.629810094833374,-0.10951873660087585,0.9996290802955627,0.04639747738838196,-0.5685632228851318,-0.21598412096500397,0.999896764755249,0.0024066513869911432,-0.5709030032157898,-0.20453888177871704,0.999886155128479,0.2047431617975235,-0.4102959930896759,-0.09699828177690506,0.9995364546775818,-0.10766029357910156,-0.4464646279811859,-0.035668469965457916,0.9996667504310608,0.17556066811084747,-0.20419912040233612,-0.18586401641368866,0.9858803749084473,-0.2092008888721466,-0.250230073928833,-0.12826868891716003,0.9546346664428711,0.019990449771285057,-0.3161104917526245,-0.3234012722969055,0.9162343740463257,-0.1450447291135788,-0.3820492923259735,-0.31233975291252136,0.8950526714324951,-0.03857511654496193,-0.3426153063774109,-0.3617168366909027,0.8829991221427917,-0.12120043486356735,-0.4140765070915222,-0.35962438583374023,0.8722407221794128,-0.03082527592778206,-0.3867584466934204,-0.3458670377731323,0.8952991962432861,-0.11035194247961044,-0.4608130156993866,-0.3370947241783142,0.8823416233062744,0.003938516601920128,-0.34201833605766296,-0.32054275274276733,0.8856848478317261,-0.12870490550994873,-0.4027715027332306,-0.31049078702926636,0.8751779794692993,0.11349456757307053,0.0021870979107916355,-0.014537046663463116,0.5279406309127808,-0.11153925955295563,-0.006638778373599052,0.015402444638311863,0.5497872829437256,0.15920551121234894,-0.05611743777990341,-0.12144147604703903,0.0863211452960968,-0.12063947319984436,-0.048057518899440765,-0.111606664955616,0.08586333692073822,0.16944363713264465,0.2405133843421936,0.166073739528656,0.020156243816018105,-0.05097120255231857,0.4050807058811188,0.1949690282344818,0.021806461736559868,0.17266403138637543,0.25452476739883423,0.1835382729768753,0.010742507874965668,-0.03481823205947876,0.4277719557285309,0.22923919558525085,0.015275519341230392,0.18572866916656494,0.21518626809120178,-0.04563359543681145,0.01668883115053177,-0.04231569916009903,0.44265779852867126,0.018398022279143333,0.01824929378926754,18,0.6,0.6933578252792358,0.6453817486763,2.371976393078512e-07,,0.6665779948234558,0.611815869808197,0.0031313879881054163,,0.6573609113693237,0.5659427046775818,0.0011446734424680471,,0.652525007724762,0.5396401882171631,-0.003348703496158123,,0.6459478735923767,0.5281479358673096,-0.008645035326480865,,0.6637493371963501,0.5076902508735657,0.0025291722267866135,,0.6654885411262512,0.4527016282081604,-0.004526031669229269,,0.6676487922668457,0.41895946860313416,-0.010762876830995083,,0.6704703569412231,0.3905373215675354,-0.01546386070549488,,0.6698490977287292,0.5097448825836182,-0.006276099476963282,,0.6722192168235779,0.44652119278907776,-0.012258038856089115,,0.6753766536712646,0.4058722257614136,-0.017291760072112083,,0.6794020533561707,0.37218087911605835,-0.021246260032057762,,0.6776772141456604,0.5207738876342773,-0.015810547396540642,,0.6836807131767273,0.457124799489975,-0.02089487574994564,,0.6873024106025696,0.4181361496448517,-0.023991161957383156,,0.6902298331260681,0.38353630900382996,-0.02692873403429985,,0.6867583394050598,0.5389679670333862,-0.025652535259723663,,0.6933981776237488,0.4924478530883789,-0.02906019240617752,,0.6964427828788757,0.46085700392723083,-0.02969527244567871,,0.6986278891563416,0.43131646513938904,-0.030905118212103844,,0.5894452929496765,0.6057190895080566,-1.4258634450925456e-07,,0.6106823682785034,0.5870367884635925,-0.008664433844387531,,0.628646194934845,0.562857985496521,-0.017126740887761116,,0.6384742259979248,0.546099841594696,-0.026047000661492348,,0.637360155582428,0.5396406054496765,-0.03383307158946991,,0.6084637641906738,0.4854758381843567,-0.011930233798921108,,0.6249513626098633,0.5037211179733276,-0.026445887982845306,,0.6278524994850159,0.5419915318489075,-0.03438017517328262,,0.6286913752555847,0.5648148655891418,-0.03701334074139595,,0.5921638607978821,0.4904272258281708,-0.01436031423509121,,0.6123518347740173,0.5106984972953796,-0.030705692246556282,,0.6180141568183899,0.5520076751708984,-0.0359630212187767,,0.6207719445228577,0.5774357914924622,-0.03602928668260574,,0.5777407884597778,0.5086895227432251,-0.018125439062714577,,0.5947559475898743,0.5157791376113892,-0.03359072655439377,,0.6040398478507996,0.5533735156059265,-0.034347642213106155,,0.6103599667549133,0.5782487392425537,-0.03034674935042858,,0.5674139857292175,0.5341484546661377,-0.0224215816706419,,0.5687069296836853,0.5063834190368652,-0.030047504231333733,,0.5703286528587341,0.4872131645679474,-0.030390635132789612,,0.5741687417030334,0.4696238934993744,-0.028555158525705338,
0.015910523012280464,-0.601284384727478,-0.24450130760669708,0.9998229742050171,0.03692420572042465,-0.6382136940956116,-0.23721987009048462,0.999688446521759,0.03617328777909279,-0.6378187537193298,-0.23919300734996796,0.9997073411941528,0.036531999707221985,-0.6377530694007874,-0.23663298785686493,0.9996734261512756,0.0008688219822943211,-0.6422216296195984,-0.233164981007576,0.9996885657310486,0.0028548729605972767,-0.6425392627716064,-0.23396560549736023,0.9997072219848633,0.0021210499107837677,-0.6414572596549988,-0.2298472374677658,0.9996813535690308,0.12299889326095581,-0.6180993914604187,-0.14991669356822968,0.9997115135192871,-0.02418903261423111,-0.6299290060997009,-0.11246037483215332,0.9996529817581177,0.044181447476148605,-0.568329393863678,-0.22147521376609802,0.9999033808708191,0.0003739067760761827,-0.570837676525116,-0.20843303203582764,0.9998934864997864,0.20468394458293915,-0.4091297388076782,-0.10440270602703094,0.9995521903038025,-0.10815995931625366,-0.4465295374393463,-0.036403995007276535,0.9996808767318726,0.17224058508872986,-0.20203354954719543,-0.19161610305309296,0.9870770573616028,-0.20966000854969025,-0.25033751130104065,-0.12862443923950195,0.9587546586990356,0.018731480464339256,-0.3169887363910675,-0.32636797428131104,0.9243284463882446,-0.14829258620738983,-0.3866851329803467,-0.31646665930747986,0.905330240726471,-0.03962761536240578,-0.34470996260643005,-0.363146036863327,0.8927928805351257,-0.12532472610473633,-0.4206807315349579,-0.3633725643157959,0.8836644291877747,-0.03085271641612053,-0.38964956998825073,-0.3472592830657959,0.9037269949913025,-0.11488368362188339,-0.46713611483573914,-0.34028249979019165,0.8926173448562622,0.0032364316284656525,-0.34344765543937683,-0.3233327269554138,0.8947865962982178,-0.1322481483221054,-0.40766850113868713,-0.3145068287849426,0.8858288526535034,0.11354542523622513,0.002225851407274604,-0.014934401959180832,0.5309798717498779,-0.11153104901313782,-0.006667601875960827,0.015809061005711555,0.5553939342498779,0.16033567488193512,-0.05770071968436241,-0.1274891048669815,0.08890391141176224,-0.1189500242471695,-0.04709652438759804,-0.11195609718561172,0.08937308937311172,0.17122043669223785,0.2404550313949585,0.16331623494625092,0.021059121936559677,-0.05096263438463211,0.40694528818130493,0.19155174493789673,0.02247331105172634,0.1744634509086609,0.25445130467414856,0.18114888668060303,0.01111063826829195,-0.0347847044467926,0.4294750392436981,0.22552643716335297,0.01554462406784296,0.1869964748620987,0.21512514352798462,-0.04942049831151962,0.017114225775003433,-0.04349897801876068,0.44420483708381653,0.012072291225194931,0.018454473465681076,19,0.633,0.6804590225219727,0.6285692453384399,2.5298956529695715e-07,,0.6641666889190674,0.6091946959495544,0.002164277248084545,,0.6550158262252808,0.5666283369064331,0.00014973092766012996,,0.6463747620582581,0.5434112548828125,-0.004101602826267481,,0.6348766088485718,0.5287505388259888,-0.009750891476869583,,0.6649971008300781,0.5075591206550598,-0.003130355617031455,,0.6665207743644714,0.45230263471603394,-0.011646458879113197,,0.6686642169952393,0.41419273614883423,-0.018315667286515236,,0.6711724996566772,0.3839043974876404,-0.02293345145881176,,0.6714987754821777,0.5094088912010193,-0.011864729225635529,,0.6735746264457703,0.44611337780952454,-0.020170487463474274,,0.6763005256652832,0.40198814868927,-0.027128208428621292,,0.6795487403869629,0.36680319905281067,-0.031709667295217514,,0.679585337638855,0.5202305316925049,-0.020807096734642982,,0.6829681396484375,0.4574595093727112,-0.029029207304120064,,0.6863980293273926,0.41888099908828735,-0.03468361124396324,,0.6897710561752319,0.38632819056510925,-0.03830937296152115,,0.6881784796714783,0.5386380553245544,-0.029670462012290955,,0.6931904554367065,0.4901762008666992,-0.03716043755412102,,0.6975380182266235,0.4581180810928345,-0.040243785828351974,,0.7012824416160583,0.430653840303421,-0.04214167594909668,,0.5890944004058838,0.6050119400024414,-1.5099124084372306e-07,,0.6116848587989807,0.5873391628265381,-0.009108457714319229,,0.6301551461219788,0.5612227320671082,-0.01693079061806202,,0.6389511823654175,0.5422518849372864,-0.025321856141090393,,0.6329638361930847,0.5380038619041443,-0.03236221894621849,,0.6071208715438843,0.48348453640937805,-0.009845445863902569,,0.6224785447120667,0.4993351101875305,-0.024610137566924095,,0.6243041753768921,0.5373373627662659,-0.03247024118900299,,0.6240960359573364,0.5599581003189087,-0.03471887484192848,,0.5899417996406555,0.4888024628162384,-0.01195762399584055,,0.6082292199134827,0.5070721507072449,-0.028467249125242233,,0.6119458079338074,0.5483556985855103,-0.03356015682220459,,0.6134033203125,0.5733121633529663,-0.033211808651685715,,0.5747281312942505,0.506369948387146,-0.015757329761981964,,0.5904021859169006,0.5132602453231812,-0.03160131722688675,,0.598473072052002,0.5499672293663025,-0.03278744965791702,,0.6039570569992065,0.5741543769836426,-0.02865922823548317,,0.5637052655220032,0.5296034812927246,-0.020142529159784317,,0.5643726587295532,0.49909624457359314,-0.02745552733540535,,0.5639744997024536,0.47786858677864075,-0.027906861156225204,,0.5655179023742676,0.45848986506462097,-0.026026634499430656,
0.012698877602815628,-0.6001003980636597,-0.24478082358837128,0.9998337626457214,0.03355979546904564,-0.637119710445404,-0.2380247414112091,0.9997074604034424,0.03278544545173645,-0.6367248892784119,-0.24003155529499054,0.9997240304946899,0.03316348418593407,-0.6366621255874634,-0.23746468126773834,0.9996926784515381,-0.002076737117022276,-0.6413112878799438,-0.23349472880363464,0.9997068643569946,-0.00011199634900549427,-0.6416395306587219,-0.23425310850143433,0.9997226595878601,-0.0008396247285418212,-0.6405592560768127,-0.23013009130954742,0.9996989369392395,0.12144777923822403,-0.6175731420516968,-0.152326300740242,0.999730110168457,-0.024429241195321083,-0.6300173997879028,-0.1126350462436676,0.9996740818023682,0.04170335829257965,-0.5675345063209534,-0.22221504151821136,0.9999094009399414,-0.0015830699121579528,-0.5703496932983398,-0.20858611166477203,0.9998999834060669,0.20459122955799103,-0.407610684633255,-0.10570245236158371,0.9995691180229187,-0.10855396091938019,-0.4467371106147766,-0.036810699850320816,0.9996944665908813,0.16924965381622314,-0.1992940753698349,-0.19190700352191925,0.988065779209137,-0.21019214391708374,-0.25017693638801575,-0.12767630815505981,0.9623231887817383,0.018896088004112244,-0.3207625448703766,-0.3269239068031311,0.9315423965454102,-0.15068350732326508,-0.38553449511528015,-0.317086398601532,0.9145310521125793,-0.03920380026102066,-0.35186660289764404,-0.36338531970977783,0.9014378786087036,-0.12896566092967987,-0.4203038215637207,-0.3639150559902191,0.8938149213790894,-0.027640633285045624,-0.3976912796497345,-0.34790393710136414,0.9111578464508057,-0.1189737617969513,-0.4664175510406494,-0.3408467471599579,0.9017394185066223,0.0038924424443393946,-0.34818410873413086,-0.3238590359687805,0.9027754664421082,-0.13502463698387146,-0.40637627243995667,-0.3149677813053131,0.8952266573905945,0.11355176568031311,0.0022990417201071978,-0.01527575682848692,0.5304630994796753,-0.11148564517498016,-0.006777442526072264,0.01620863378047943,0.5565283298492432,0.16049739718437195,-0.06252220273017883,-0.12749160826206207,0.09122961014509201,-0.11778190732002258,-0.052048325538635254,-0.1118706464767456,0.09200027585029602,0.17196665704250336,0.2361217439174652,0.16376706957817078,0.02193215675652027,-0.05073344334959984,0.40464136004447937,0.19149808585643768,0.02298463135957718,0.1751023828983307,0.25035837292671204,0.18202663958072662,0.011506957933306694,-0.03442594036459923,0.4261929988861084,0.22556236386299133,0.01588677056133747,0.18754301965236664,0.20789317786693573,-0.04933662712574005,0.017580799758434296,-0.04403398558497429,0.4398490786552429,0.01194883231073618,0.018664518371224403,20,0.667,0.6843580603599548,0.6235538125038147,2.467928936766839e-07,,0.6668720841407776,0.6093984842300415,0.001290917512960732,,0.6579474210739136,0.5706448554992676,-0.0015733581967651844,,0.6515560150146484,0.5453668832778931,-0.006292081903666258,,0.6420471668243408,0.5300687551498413,-0.012222960591316223,,0.6657540202140808,0.509234607219696,-0.005244639702141285,,0.6668040156364441,0.45398592948913574,-0.013308180496096611,,0.668502151966095,0.41636180877685547,-0.0192278902977705,,0.67071932554245,0.3866707682609558,-0.02327517792582512,,0.672121524810791,0.5098612904548645,-0.013389860279858112,,0.6745358109474182,0.4445821940898895,-0.021206611767411232,,0.6769222021102905,0.4001801013946533,-0.027603907510638237,,0.6800621747970581,0.36539846658706665,-0.03181502968072891,,0.6809133291244507,0.5192263722419739,-0.02162213809788227,,0.6846553683280945,0.45277994871139526,-0.0293306652456522,,0.6874564290046692,0.4122113287448883,-0.035306792706251144,,0.69036465883255,0.37905919551849365,-0.039297036826610565,,0.6906135082244873,0.5359700322151184,-0.02973886765539646,,0.6959245800971985,0.48665744066238403,-0.036704111844301224,,0.6989834308624268,0.4536531865596771,-0.040065743029117584,,0.7014955878257751,0.4246516823768616,-0.04225240275263786,,0.5884888768196106,0.6032949090003967,-1.810702059401592e-07,,0.6124595999717712,0.5868032574653625,-0.011124189011752605,,0.6315310001373291,0.5611386299133301,-0.01953684166073799,,0.638826847076416,0.5395269989967346,-0.028277505189180374,,0.6288149952888489,0.535180389881134,-0.0354938805103302,,0.6084559559822083,0.4792918562889099,-0.010293487459421158,,0.6202350854873657,0.4989604949951172,-0.025425542145967484,,0.6210486888885498,0.5388112664222717,-0.034178245812654495,,0.620481014251709,0.563408613204956,-0.036778923124074936,,0.5901628136634827,0.48382455110549927,-0.011522402986884117,,0.6053293943405151,0.5048869848251343,-0.027996404096484184,,0.6077724695205688,0.5476683378219604,-0.03386278077960014,,0.6082860231399536,0.5749598741531372,-0.03395145386457443,,0.5741443634033203,0.4997589588165283,-0.014569208025932312,,0.5872712731361389,0.5072500109672546,-0.030170386657118797,,0.5930395126342773,0.5448411703109741,-0.03156611695885658,,0.5970410704612732,0.5709140300750732,-0.027370739728212357,,0.5618858933448792,0.5207095742225647,-0.018477484583854675,,0.561219334602356,0.4888705015182495,-0.025380386039614677,,0.5601277351379395,0.4650336802005768,-0.025618547573685646,,0.5612665414810181,0.4436584711074829,-0.02338878996670246,
0.009004459716379642,-0.598176121711731,-0.2458062767982483,0.9998432993888855,0.02961188741028309,-0.635326623916626,-0.23974204063415527,0.9997243881225586,0.028821425512433052,-0.6349355578422546,-0.2417927086353302,0.9997389316558838,0.029225289821624756,-0.6348767876625061,-0.23922671377658844,0.9997099041938782,-0.005675214342772961,-0.6396853923797607,-0.23464864492416382,0.999722957611084,-0.0037230222951620817,-0.6400297284126282,-0.23533569276332855,0.9997360110282898,-0.004439392127096653,-0.6389525532722473,-0.23121041059494019,0.9997142553329468,0.11894916743040085,-0.6167025566101074,-0.15548090636730194,0.9997467398643494,-0.0253690667450428,-0.629891037940979,-0.11342370510101318,0.9996923208236694,0.03856222704052925,-0.5662073493003845,-0.22372059524059296,0.9999147057533264,-0.0042222472839057446,-0.569293200969696,-0.20942910015583038,0.9999056458473206,0.2043347805738449,-0.4067997634410858,-0.10771084576845169,0.9995850324630737,-0.10879794508218765,-0.4469418525695801,-0.037116095423698425,0.9997071027755737,0.16809314489364624,-0.19783566892147064,-0.1930912584066391,0.9888931512832642,-0.21055133640766144,-0.2500600516796112,-0.12747129797935486,0.9654074907302856,0.019038787111639977,-0.3206664025783539,-0.33043187856674194,0.9379435777664185,-0.1514773964881897,-0.38399818539619446,-0.3212988078594208,0.9227586984634399,-0.038838714361190796,-0.35238420963287354,-0.3663976788520813,0.9089411497116089,-0.13024768233299255,-0.41946280002593994,-0.3689955770969391,0.9028103947639465,-0.026057101786136627,-0.39838871359825134,-0.35136738419532776,0.9175660014152527,-0.1204315796494484,-0.4656844139099121,-0.34526923298835754,0.9097976684570312,0.004304023925215006,-0.3481729030609131,-0.327792763710022,0.9095919728279114,-0.13598394393920898,-0.40474581718444824,-0.31930455565452576,0.9034565091133118,0.11353540420532227,0.002320278203114867,-0.015713531523942947,0.5286833047866821,-0.11138637363910675,-0.006853695493191481,0.01673918403685093,0.5565479397773743,0.16037796437740326,-0.06626763194799423,-0.12705793976783752,0.09388604760169983,-0.11657720804214478,-0.0529014952480793,-0.1117856577038765,0.09423035383224487,0.17465555667877197,0.22912859916687012,0.16377681493759155,0.022704189643263817,-0.04946267977356911,0.40133145451545715,0.19101160764694214,0.02342849224805832,0.1778252124786377,0.24318067729473114,0.1821366548538208,0.011885078623890877,-0.03299642354249954,0.4215807616710663,0.22530873119831085,0.01633831486105919,0.19010888040065765,0.1975046992301941,-0.051307015120983124,0.018094981089234352,-0.04394807666540146,0.4343092441558838,0.011339382268488407,0.018957264721393585,21,0.7,0.6847557425498962,0.6283566355705261,2.2105413677309116e-07,,0.6656827330589294,0.6073929667472839,0.0027031030040234327,,0.6579641699790955,0.5611430406570435,0.0017163800075650215,,0.6546406149864197,0.5301626920700073,-0.001283966121263802,,0.6500159502029419,0.5072357654571533,-0.0051109218038618565,,0.6665464639663696,0.5061607956886292,-0.00047793894191272557,,0.6679726839065552,0.4495631158351898,-0.006461599841713905,,0.6697331070899963,0.41487208008766174,-0.011158044449985027,,0.6720860004425049,0.38695523142814636,-0.014588075689971447,,0.6733013391494751,0.5058886408805847,-0.008406712673604488,,0.6753551959991455,0.4407675862312317,-0.0136938551440835,,0.6777987480163574,0.3983190655708313,-0.018675366416573524,,0.6813883781433105,0.364822119474411,-0.02236531302332878,,0.6818588376045227,0.5155206322669983,-0.016664525493979454,,0.6858651638031006,0.44959717988967896,-0.022056100890040398,,0.6890456080436707,0.41045793890953064,-0.026659449562430382,,0.6920118927955627,0.3779028058052063,-0.030289212241768837,,0.6909690499305725,0.5325729846954346,-0.024895580485463142,,0.6969817876815796,0.48384976387023926,-0.030230719596147537,,0.7007884979248047,0.4511660039424896,-0.03299165144562721,,0.7036318182945251,0.42190784215927124,-0.03515785560011864,,0.5885869860649109,0.6044021844863892,-2.1211180012414843e-07,,0.6120920181274414,0.5882958173751831,-0.01061522401869297,,0.631368100643158,0.5621491074562073,-0.018381260335445404,,0.6384620666503906,0.5394293069839478,-0.026504306122660637,,0.6269921660423279,0.5350494384765625,-0.03301650285720825,,0.6117566227912903,0.4791266918182373,-0.009107313118875027,,0.6199583411216736,0.49729612469673157,-0.023694457486271858,,0.6197168231010437,0.5393039584159851,-0.032956741750240326,,0.6188744306564331,0.5662010908126831,-0.036129243671894073,,0.5929878950119019,0.48092353343963623,-0.010350712575018406,,0.6040326356887817,0.5018219351768494,-0.026077989488840103,,0.6053960919380188,0.5465376377105713,-0.0323680117726326,,0.6058185696601868,0.5763528943061829,-0.033089522272348404,,0.5757830739021301,0.494394451379776,-0.013340488076210022,,0.5847495794296265,0.49911966919898987,-0.02745930291712284,,0.5894313454627991,0.5369707345962524,-0.02847539447247982,,0.593631386756897,0.5650069713592529,-0.024566547945141792,,0.561951220035553,0.5136938691139221,-0.017337288707494736,,0.5607092380523682,0.4808633327484131,-0.023825261741876602,,0.5586101412773132,0.4552232027053833,-0.024201881140470505,,0.558952271938324,0.43250590562820435,-0.02226593717932701,
0.008324209600687027,-0.5950011014938354,-0.25710588693618774,0.9998511075973511,0.02839687094092369,-0.6323839426040649,-0.25112423300743103,0.9997377395629883,0.027603788301348686,-0.6319989562034607,-0.2532011568546295,0.9997501373291016,0.028024369850754738,-0.6319316029548645,-0.2506754994392395,0.9997225999832153,-0.006992007605731487,-0.6367644667625427,-0.24711555242538452,0.9997366666793823,-0.005038783885538578,-0.6371273398399353,-0.24772754311561584,0.9997476935386658,-0.005742559675127268,-0.636052131652832,-0.24359966814517975,0.9997277855873108,0.11612433940172195,-0.615545392036438,-0.1642301380634308,0.9997593760490417,-0.028807224705815315,-0.6290262937545776,-0.12730756402015686,0.9997093081474304,0.03745141997933388,-0.5639684200286865,-0.23393109440803528,0.9999191761016846,-0.005445793736726046,-0.5670938491821289,-0.22116848826408386,0.9999108910560608,0.20354653894901276,-0.40597859025001526,-0.11047396063804626,0.9995944499969482,-0.11185692995786667,-0.4470134675502777,-0.04824330285191536,0.9997163414955139,0.16858308017253876,-0.1966763287782669,-0.194121852517128,0.9895874261856079,-0.21061165630817413,-0.24870046973228455,-0.13870026171207428,0.9682420492172241,0.01913415640592575,-0.32016709446907043,-0.336803138256073,0.943642258644104,-0.14938849210739136,-0.3829495310783386,-0.33966225385665894,0.9301412105560303,-0.038640547543764114,-0.35203853249549866,-0.37255191802978516,0.9153468012809753,-0.12673552334308624,-0.4196248948574066,-0.38788726925849915,0.9107962846755981,-0.025956906378269196,-0.3989942669868469,-0.35820963978767395,0.9229708313941956,-0.11831165105104446,-0.4662693738937378,-0.36401575803756714,0.9169448614120483,0.004470272921025753,-0.3479951322078705,-0.3348195254802704,0.915262758731842,-0.1341855674982071,-0.40403497219085693,-0.33727648854255676,0.9106113314628601,0.11355269700288773,0.002291946904733777,-0.015190414153039455,0.5211800336837769,-0.11137207597494125,-0.006878742948174477,0.016275612637400627,0.550435483455658,0.16142359375953674,-0.06707151979207993,-0.12574006617069244,0.09728576987981796,-0.11523161828517914,-0.04936613887548447,-0.11170659959316254,0.09857761859893799,0.1757635772228241,0.2265077829360962,0.16853690147399902,0.023722423240542412,-0.04981272295117378,0.401286244392395,0.18945737183094025,0.024332888424396515,0.1788836419582367,0.24077895283699036,0.18791228532791138,0.012504538521170616,-0.0334036722779274,0.421414315700531,0.2235730141401291,0.016806356608867645,0.1954217553138733,0.1971229463815689,-0.047572068870067596,0.018824594095349312,-0.04359563812613487,0.4352060854434967,0.00867379829287529,0.01954406127333641,22,0.734,0.6881687641143799,0.6381841897964478,2.262082006154742e-07,,0.6655598282814026,0.6080214977264404,0.0005346685065887868,,0.6549919247627258,0.5631120204925537,-0.002209227066487074,,0.6465563178062439,0.5385090112686157,-0.006955510005354881,,0.6347228288650513,0.5255586504936218,-0.012494644150137901,,0.6661524176597595,0.5016637444496155,6.223891978152096e-05,,0.6684746742248535,0.4456419348716736,-0.0070879156701266766,,0.67030930519104,0.411958247423172,-0.013418114744126797,,0.6722620129585266,0.3836548924446106,-0.01812194287776947,,0.6727678775787354,0.502270519733429,-0.007481772918254137,,0.6757686734199524,0.43803372979164124,-0.013020501472055912,,0.6785266399383545,0.39769935607910156,-0.018513057380914688,,0.6820313334465027,0.3639295995235443,-0.022833634167909622,,0.6811346411705017,0.5129273533821106,-0.015852177515625954,,0.6868865489959717,0.44813835620880127,-0.020684095099568367,,0.6904675960540771,0.4103242754936218,-0.02455805614590645,,0.6933693289756775,0.37691986560821533,-0.02802479825913906,,0.690349280834198,0.5313726663589478,-0.024663642048835754,,0.6969032883644104,0.4835335910320282,-0.028443368151783943,,0.7008568644523621,0.4520595371723175,-0.029803412035107613,,0.7038354873657227,0.42261257767677307,-0.0313798189163208,,0.5914651155471802,0.6057959794998169,-1.9175257648385013e-07,,0.6156765222549438,0.5902578234672546,-0.008818529546260834,,0.6350005269050598,0.5619181394577026,-0.014780966565012932,,0.6406351327896118,0.5371708273887634,-0.02144046686589718,,0.6287737488746643,0.530473530292511,-0.02675832062959671,,0.613664984703064,0.4892159700393677,-0.006412292830646038,,0.6226423382759094,0.4959382116794586,-0.01926388405263424,,0.6223576664924622,0.5341646671295166,-0.02723817341029644,,0.6199861168861389,0.5600481629371643,-0.029377499595284462,,0.5963259339332581,0.4890681505203247,-0.0076145632192492485,,0.6071852445602417,0.49540507793426514,-0.021153099834918976,,0.6086206436157227,0.5368539094924927,-0.026854615658521652,,0.6065136790275574,0.5664759278297424,-0.02733529545366764,,0.5798659920692444,0.49651288986206055,-0.01041368767619133,,0.5886801481246948,0.49028104543685913,-0.022662511095404625,,0.5932559370994568,0.5276910066604614,-0.02368033118546009,,0.5946327447891235,0.5574592351913452,-0.020054787397384644,,0.5653524994850159,0.5087702870368958,-0.013946643099188805,,0.562973141670227,0.47019192576408386,-0.01857723668217659,,0.5624786019325256,0.44439733028411865,-0.01820169761776924,,0.5631222724914551,0.42183053493499756,-0.01609126105904579,
0.006896459963172674,-0.5948122143745422,-0.2570202946662903,0.9998602271080017,0.02626154012978077,-0.6323128342628479,-0.2509502172470093,0.9997538328170776,0.025475522503256798,-0.6319276690483093,-0.253011554479599,0.9997644424438477,0.025887122377753258,-0.6318552494049072,-0.2504886984825134,0.999738335609436,-0.009321480058133602,-0.636493444442749,-0.24696172773838043,0.9997531175613403,-0.007350459694862366,-0.6368448138237,-0.24757754802703857,0.9997624754905701,-0.008057660423219204,-0.6357662081718445,-0.24345213174819946,0.999744176864624,0.1118362694978714,-0.6155354976654053,-0.16340970993041992,0.9997747540473938,-0.034185223281383514,-0.6282133460044861,-0.12713623046875,0.9997294545173645,0.03567922115325928,-0.563750684261322,-0.23382259905338287,0.9999246597290039,-0.00754734268411994,-0.5665777921676636,-0.2210637927055359,0.9999170899391174,0.20136967301368713,-0.4060865342617035,-0.10872174799442291,0.9996128678321838,-0.11425450444221497,-0.4452313780784607,-0.04888034239411354,0.999730110168457,0.16891801357269287,-0.1987459808588028,-0.19394637644290924,0.9903393983840942,-0.2090919464826584,-0.2453468292951584,-0.14347058534622192,0.9710497260093689,0.012207197956740856,-0.32203471660614014,-0.33671948313713074,0.9489017128944397,-0.13656502962112427,-0.3817581236362457,-0.3419278562068939,0.9369062781333923,-0.04957195743918419,-0.35340771079063416,-0.3725131154060364,0.9212921857833862,-0.10914864391088486,-0.41920551657676697,-0.38987913727760315,0.9183153510093689,-0.03886575251817703,-0.4004811644554138,-0.35745152831077576,0.9279493093490601,-0.10294859856367111,-0.46649935841560364,-0.3645378351211548,0.9236963987350464,-0.0033676265738904476,-0.3500226140022278,-0.33464571833610535,0.9205714464187622,-0.12150299549102783,-0.40331804752349854,-0.3386821150779724,0.9174567461013794,0.11355040967464447,0.0021879682317376137,-0.01506637129932642,0.5260123014450073,-0.11135239899158478,-0.006789677776396275,0.016135450452566147,0.5559715032577515,0.16194728016853333,-0.068549744784832,-0.1256352663040161,0.09737002849578857,-0.11521566659212112,-0.048834554851055145,-0.11048904806375504,0.09939218312501907,0.17641566693782806,0.22134126722812653,0.1748797595500946,0.023904336616396904,-0.050080135464668274,0.40093299746513367,0.19261954724788666,0.024287378415465355,0.17968131601810455,0.2351609170436859,0.19473958015441895,0.012738254852592945,-0.03370222821831703,0.4212251603603363,0.22687551379203796,0.016821905970573425,0.1962110847234726,0.19202959537506104,-0.03866303712129593,0.018830932676792145,-0.04383512958884239,0.4355792999267578,0.011478392407298088,0.019376523792743683,23,0.767,0.6808842420578003,0.6373448967933655,2.3884172151156235e-07,,0.6599752902984619,0.6027453541755676,-0.0015002823201939464,,0.6537898182868958,0.5558866858482361,-0.005341644398868084,,0.6539859771728516,0.5234523415565491,-0.010680805891752243,,0.6517524719238281,0.49884167313575745,-0.01609697937965393,,0.6600301265716553,0.49637097120285034,-0.001822094083763659,,0.6624999046325684,0.43988728523254395,-0.01089442428201437,,0.665964663028717,0.40422096848487854,-0.018646450713276863,,0.6711711883544922,0.37584343552589417,-0.023928452283143997,,0.666374146938324,0.49891337752342224,-0.0080929109826684,,0.6683738231658936,0.4364553391933441,-0.015514363534748554,,0.6724773049354553,0.39615219831466675,-0.021803967654705048,,0.6783246397972107,0.36349761486053467,-0.026235047727823257,,0.6746054887771606,0.5097183585166931,-0.015309078618884087,,0.6799900531768799,0.449928343296051,-0.021600080654025078,,0.6843193173408508,0.41326236724853516,-0.025033850222826004,,0.6884482502937317,0.3823922276496887,-0.02775384671986103,,0.684095025062561,0.5288299322128296,-0.0231697428971529,,0.6917456388473511,0.484474778175354,-0.027842476963996887,,0.6960923671722412,0.45555809140205383,-0.028707783669233322,,0.6997751593589783,0.42965519428253174,-0.029452497139573097,,0.6022874116897583,0.6114013195037842,-5.6699470007970376e-08,,0.6252043843269348,0.5939702391624451,-0.009775710292160511,,0.6431698799133301,0.5657426714897156,-0.016714852303266525,,0.649623453617096,0.54304438829422,-0.024432605132460594,,0.6453438997268677,0.5360211730003357,-0.031162142753601074,,0.6141326427459717,0.4926406443119049,-0.005294769071042538,,0.6257657408714294,0.4915497303009033,-0.016984611749649048,,0.6364122033119202,0.5165399312973022,-0.024396153166890144,,0.6435918211936951,0.5332326292991638,-0.026527738198637962,,0.6015859842300415,0.4961528778076172,-0.007049631793051958,,0.6161060929298401,0.4972650706768036,-0.022556645795702934,,0.6293180584907532,0.5248095989227295,-0.030934544280171394,,0.6373167634010315,0.5478978753089905,-0.032573454082012177,,0.5887682437896729,0.5049183368682861,-0.010660385712981224,,0.6045376062393188,0.5042041540145874,-0.02684371918439865,,0.6208966970443726,0.5292424559593201,-0.03359776735305786,,0.6303701996803284,0.5524994730949402,-0.032660700380802155,,0.577630877494812,0.5155028104782104,-0.01470483560115099,,0.5771089196205139,0.4750782251358032,-0.0220491886138916,,0.5750935077667236,0.4441128671169281,-0.024882139638066292,,0.5738287568092346,0.42020273208618164,-0.024729803204536438,
0.004369472619146109,-0.5952892899513245,-0.2612511217594147,0.9998690485954285,0.022776883095502853,-0.6329580545425415,-0.25398343801498413,0.9997687339782715,0.022026386111974716,-0.6325801610946655,-0.2559720277786255,0.999777615070343,0.022431746125221252,-0.6325036883354187,-0.2534939646720886,0.999752938747406,-0.013298225589096546,-0.6368385553359985,-0.2510196268558502,0.9997690916061401,-0.011291072703897953,-0.6371918320655823,-0.2516908645629883,0.9997773170471191,-0.011997353285551071,-0.6361157298088074,-0.24759416282176971,0.9997608065605164,0.10652590543031693,-0.616556704044342,-0.1639680117368698,0.9997876286506653,-0.04184491187334061,-0.6282602548599243,-0.13123659789562225,0.9997488856315613,0.032776735723018646,-0.5643110275268555,-0.23698775470256805,0.9999293088912964,-0.011040141806006432,-0.5667688250541687,-0.2256656140089035,0.9999227523803711,0.1980932652950287,-0.4069291651248932,-0.10879672318696976,0.9996269941329956,-0.11920998245477676,-0.4448334276676178,-0.056616004556417465,0.9997438192367554,0.16859745979309082,-0.19936802983283997,-0.1939607411623001,0.9909836649894714,-0.20629628002643585,-0.2407061755657196,-0.1560712456703186,0.9736012816429138,0.008858400397002697,-0.32171475887298584,-0.33654728531837463,0.9535418748855591,-0.11491888761520386,-0.3765396773815155,-0.34846824407577515,0.9429471492767334,-0.052522916346788406,-0.35221076011657715,-0.37247198820114136,0.9263224005699158,-0.08187860995531082,-0.4158867299556732,-0.3972201645374298,0.9248447418212891,-0.04371499642729759,-0.39876464009284973,-0.35745224356651306,0.9321139454841614,-0.07487226277589798,-0.46481189131736755,-0.37142425775527954,0.9294947385787964,-0.00695764971897006,-0.3493557274341583,-0.33453184366226196,0.9249790906906128,-0.09866731613874435,-0.3991873860359192,-0.3446986675262451,0.9232851266860962,0.11354085057973862,0.0019233168568462133,-0.014288652688264847,0.5340620875358582,-0.11134479194879532,-0.006630891002714634,0.015320462174713612,0.564990758895874,0.1617843061685562,-0.061587557196617126,-0.1187482625246048,0.09940864145755768,-0.1148921549320221,-0.01850694790482521,-0.10961151868104935,0.10276827216148376,0.17626072466373444,0.22333091497421265,0.17542096972465515,0.02438340149819851,-0.0503118559718132,0.4058612883090973,0.192241370677948,0.024688903242349625,0.17954911291599274,0.23736482858657837,0.19507436454296112,0.01308037806302309,-0.034147534519433975,0.42675095796585083,0.2257237732410431,0.017023198306560516,0.1969650834798813,0.2010359764099121,-0.032617662101984024,0.019276276230812073,-0.04424430802464485,0.45122382044792175,0.011460421606898308,0.019744347780942917,24,0.8,0.6437053084373474,0.6384051442146301,-5.354504040155916e-08,,0.6530107855796814,0.623622477054596,-0.00816941075026989,,0.6620081067085266,0.5926483869552612,-0.014661409892141819,,0.665434718132019,0.569113552570343,-0.02273811586201191,,0.6584538221359253,0.5534546375274658,-0.030597906559705734,,0.6529971957206726,0.5179373621940613,-0.009857844561338425,,0.6538748145103455,0.4577014446258545,-0.020114826038479805,,0.6545184254646301,0.4208304286003113,-0.025324145331978798,,0.6543486714363098,0.38801461458206177,-0.027989113703370094,,0.6386206150054932,0.5171598196029663,-0.012979102320969105,,0.6394466161727905,0.5025036334991455,-0.03451591357588768,,0.6395251154899597,0.5447937846183777,-0.04114140570163727,,0.6384028792381287,0.576797604560852,-0.0397910512983799,,0.6266902089118958,0.5204354524612427,-0.01691998727619648,,0.6281323432922363,0.49657097458839417,-0.0353705920279026,,0.6322721838951111,0.5313794016838074,-0.03447241708636284,,0.6341931223869324,0.5588833093643188,-0.027503151446580887,,0.617429256439209,0.526799201965332,-0.021655073389410973,,0.6156203746795654,0.475058376789093,-0.03165087848901749,,0.61733478307724,0.4450243413448334,-0.031085755676031113,,0.6197565197944641,0.4163549840450287,-0.027348479256033897,,0.617807149887085,0.6175511479377747,-2.385004620464315e-07,,0.638864278793335,0.6070351600646973,-0.011483392678201199,,0.6571640372276306,0.5859143733978271,-0.01980341225862503,,0.6648608446121216,0.5647071599960327,-0.02855892851948738,,0.6591776013374329,0.5480031967163086,-0.03549070656299591,,0.6511700749397278,0.5135902166366577,-0.011324606835842133,,0.6571187376976013,0.5133751630783081,-0.026468679308891296,,0.6555365920066833,0.5495424270629883,-0.03426743298768997,,0.6523825526237488,0.5790122747421265,-0.035657986998558044,,0.6343008279800415,0.5081280469894409,-0.011712610721588135,,0.6420243978500366,0.5086097121238708,-0.02864423207938671,,0.6416391730308533,0.553524374961853,-0.033944353461265564,,0.6397668123245239,0.5864291191101074,-0.033136215060949326,,0.6172902584075928,0.5082435607910156,-0.014016632921993732,,0.6241042017936707,0.4976885914802551,-0.029034564271569252,,0.627251386642456,0.5370607972145081,-0.029266078025102615,,0.6288667321205139,0.5690929889678955,-0.02411196567118168,,0.6010128855705261,0.513340950012207,-0.017275400459766388,,0.6021967530250549,0.4723486304283142,-0.023778516799211502,,0.6039578914642334,0.44676584005355835,-0.023561568930745125,,0.6070351004600525,0.423366904258728,-0.02090820111334324,
0.0006268217111937702,-0.5953927040100098,-0.25976768136024475,0.9998738169670105,0.018465938046574593,-0.6331993341445923,-0.25235092639923096,0.9997771978378296,0.01774393953382969,-0.6328275799751282,-0.25431764125823975,0.9997844696044922,0.018147703260183334,-0.632752537727356,-0.25187352299690247,0.9997605681419373,-0.017529230564832687,-0.6368962526321411,-0.2495395988225937,0.999778151512146,-0.015511401928961277,-0.63725346326828,-0.2502064108848572,0.9997848868370056,-0.0162252988666296,-0.6361777782440186,-0.24611391127109528,0.9997697472572327,0.1023169681429863,-0.6172257661819458,-0.16220085322856903,0.9997955560684204,-0.045395173132419586,-0.6282874345779419,-0.12999145686626434,0.999761164188385,0.02924424037337303,-0.564528226852417,-0.23551800847053528,0.9999321103096008,-0.0144466208294034,-0.5668427348136902,-0.22435766458511353,0.9999262094497681,0.1952771693468094,-0.40755200386047363,-0.10621412098407745,0.9996371269226074,-0.1204913780093193,-0.4440353810787201,-0.056299131363630295,0.9997525215148926,0.16764689981937408,-0.199490487575531,-0.18994435667991638,0.991482138633728,-0.20481061935424805,-0.23470480740070343,-0.15431882441043854,0.975741446018219,0.007016343530267477,-0.3205361068248749,-0.330355703830719,0.9576290845870972,-0.11495348811149597,-0.372314453125,-0.34335294365882874,0.9483205676078796,-0.053785718977451324,-0.3519424796104431,-0.36651426553726196,0.9305481910705566,-0.08337152749300003,-0.4139648973941803,-0.3916786015033722,0.9305137395858765,-0.04572269693017006,-0.39815977215766907,-0.35122352838516235,0.9355213642120361,-0.0768321081995964,-0.4642988443374634,-0.36442285776138306,0.9344652891159058,-0.008808471262454987,-0.3484722673892975,-0.3282734751701355,0.9285554885864258,-0.09904602915048599,-0.3961379826068878,-0.33857521414756775,0.9281852841377258,0.11334279924631119,0.0017982546705752611,-0.0141151687130332,0.5401957631111145,-0.11117512732744217,-0.006554774474352598,0.015137924812734127,0.5713999271392822,0.1616773009300232,-0.05521152913570404,-0.11076308786869049,0.10052856057882309,-0.11287476122379303,-0.009953075088560581,-0.1051601767539978,0.10520175844430923,0.17633093893527985,0.2278999239206314,0.17888674139976501,0.02468939498066902,-0.04955005273222923,0.41019994020462036,0.1924736201763153,0.0250004343688488,0.17969024181365967,0.24250508844852448,0.1983543485403061,0.013326816260814667,-0.03365129604935646,0.4313730299472809,0.22571122646331787,0.017289169132709503,0.19728422164916992,0.21017113327980042,-0.023563317954540253,0.01954060234129429,-0.04399732127785683,0.45749497413635254,0.014090575277805328,0.020008014515042305,25,0.834,0.6409743428230286,0.6422157287597656,-5.293852023413592e-09,,0.6524158716201782,0.6294891238212585,-0.01333936769515276,,0.662609875202179,0.5996316075325012,-0.02232709713280201,,0.6653872728347778,0.5744507312774658,-0.03207580745220184,,0.6593604683876038,0.5586715936660767,-0.04135836288332939,,0.6584560871124268,0.514559268951416,-0.013774259015917778,,0.6592512726783752,0.46058377623558044,-0.025537647306919098,,0.6590900421142578,0.4283716082572937,-0.03159749507904053,,0.6581158638000488,0.39834868907928467,-0.0347045436501503,,0.640449047088623,0.5150761008262634,-0.014792339876294136,,0.6388720870018005,0.4990456700325012,-0.036982662975788116,,0.6399535536766052,0.5364118814468384,-0.04457027465105057,,0.6408317685127258,0.5617801547050476,-0.04390533268451691,,0.6242649555206299,0.5215056538581848,-0.01703047566115856,,0.6237689852714539,0.500425398349762,-0.037575215101242065,,0.6294442415237427,0.5391395092010498,-0.03707589954137802,,0.6335554718971252,0.5667983889579773,-0.02978072129189968,,0.6103261113166809,0.5321429967880249,-0.02046172507107258,,0.607274055480957,0.48502984642982483,-0.031658802181482315,,0.6078090071678162,0.45734119415283203,-0.031189849600195885,,0.6099882125854492,0.4287737309932709,-0.02726162038743496,,0.6163124442100525,0.6184561252593994,-1.702254763813471e-07,,0.6381064057350159,0.6107590794563293,-0.00995002780109644,,0.6562446355819702,0.5914133787155151,-0.017132794484496117,,0.6650817394256592,0.571821391582489,-0.02491055428981781,,0.6599410176277161,0.5551424026489258,-0.031042972579598427,,0.6507951021194458,0.5210577249526978,-0.009176998399198055,,0.6542444825172424,0.5168653726577759,-0.024484733119606972,,0.6515566110610962,0.556061863899231,-0.03266451880335808,,0.6482350826263428,0.5846449732780457,-0.03447519242763519,,0.6341054439544678,0.5147269368171692,-0.01055921707302332,,0.6401020884513855,0.5102013945579529,-0.02792946994304657,,0.6393402814865112,0.554843008518219,-0.03361450508236885,,0.6366465091705322,0.5850380063056946,-0.0331512950360775,,0.6166782379150391,0.5150113105773926,-0.01402588002383709,,0.6222890019416809,0.5017197132110596,-0.02941633202135563,,0.6261475086212158,0.5417357087135315,-0.03076782636344433,,0.6279808282852173,0.5711410641670227,-0.026739541441202164,,0.6000438928604126,0.5212857723236084,-0.018278663977980614,,0.6004745364189148,0.4835432767868042,-0.025519821792840958,,0.6032260656356812,0.45932894945144653,-0.027068350464105606,,0.6074495315551758,0.43512389063835144,-0.026148756965994835,
-0.001111021963879466,-0.5982488393783569,-0.25820979475975037,0.9998791813850403,0.01683138497173786,-0.6360592246055603,-0.2503328323364258,0.999786376953125,0.016127148643136024,-0.6356905102729797,-0.2522529065608978,0.9997922778129578,0.01651451177895069,-0.6356170773506165,-0.2498301863670349,0.9997693300247192,-0.019160566851496696,-0.6394821405410767,-0.2479436695575714,0.9997881650924683,-0.017133643850684166,-0.6398344039916992,-0.2486593872308731,0.9997938871383667,-0.01785956136882305,-0.6387630105018616,-0.24457089602947235,0.999779999256134,0.09999968111515045,-0.61918044090271,-0.15945002436637878,0.9998044371604919,-0.047617632895708084,-0.6292847990989685,-0.12895911931991577,0.9997745752334595,0.027143526822328568,-0.566811740398407,-0.23378077149391174,0.9999352693557739,-0.01658799685537815,-0.5687673687934875,-0.22310872375965118,0.9999301433563232,0.1925516426563263,-0.408258855342865,-0.10431266576051712,0.9996475577354431,-0.12218595296144485,-0.4440229535102844,-0.056005313992500305,0.9997618794441223,0.16665314137935638,-0.1994566172361374,-0.1874016523361206,0.9920328855514526,-0.20348848402500153,-0.23406563699245453,-0.15247279405593872,0.9777793288230896,0.005127058830112219,-0.3195682764053345,-0.3234730362892151,0.961435079574585,-0.11020485311746597,-0.37114769220352173,-0.3388634920120239,0.9531935453414917,-0.055612124502658844,-0.3513806164264679,-0.3601738214492798,0.934705913066864,-0.07752042263746262,-0.41273075342178345,-0.3865475058555603,0.9356001615524292,-0.04788836091756821,-0.3979199528694153,-0.3446088433265686,0.9389591217041016,-0.07086475193500519,-0.46395400166511536,-0.3588480055332184,0.9389158487319946,-0.010656513273715973,-0.3477616608142853,-0.3212892413139343,0.9322795271873474,-0.09398540109395981,-0.3953110873699188,-0.3336878716945648,0.9326858520507812,0.11331062018871307,0.0017451769672334194,-0.013973800465464592,0.5479370355606079,-0.11116000264883041,-0.006509237922728062,0.014957617036998272,0.5794508457183838,0.16144876182079315,-0.04974479228258133,-0.10594925284385681,0.09989763796329498,-0.11289434880018234,-0.006392422132194042,-0.1007736399769783,0.10573691129684448,0.17608308792114258,0.23132190108299255,0.18543335795402527,0.024472355842590332,-0.04984869435429573,0.41381946206092834,0.19701234996318817,0.024843234568834305,0.1794676035642624,0.24573718011379242,0.20484595000743866,0.013255590572953224,-0.034181300550699234,0.4355657994747162,0.22967730462551117,0.01719389483332634,0.19698630273342133,0.21618589758872986,-0.012283844873309135,0.019355427473783493,-0.04542302340269089,0.4629293382167816,0.021239200606942177,0.019849669188261032,26,0.867,0.6312288641929626,0.6426867842674255,7.65268914904027e-09,,0.6478345394134521,0.6326186656951904,-0.016995906829833984,,0.65945965051651,0.606687068939209,-0.028217537328600883,,0.663299024105072,0.5822978019714355,-0.03943044692277908,,0.6575044393539429,0.5665287375450134,-0.049945585429668427,,0.6549050211906433,0.5200888514518738,-0.01763289049267769,,0.6567883491516113,0.46310243010520935,-0.029352158308029175,,0.6576088666915894,0.42998623847961426,-0.035237088799476624,,0.6570287346839905,0.40017035603523254,-0.03817586600780487,,0.6356052160263062,0.5192762017250061,-0.01688115857541561,,0.6376113891601562,0.5055583715438843,-0.03928663954138756,,0.6394856572151184,0.545497715473175,-0.04642004892230034,,0.6399535536766052,0.5708791613578796,-0.04520799592137337,,0.6184162497520447,0.5237594246864319,-0.01753649115562439,,0.6216157078742981,0.5010920166969299,-0.0374322310090065,,0.6276494264602661,0.539918839931488,-0.03626318648457527,,0.6311009526252747,0.567523717880249,-0.028662417083978653,,0.6035113334655762,0.5321568250656128,-0.019740816205739975,,0.6024194955825806,0.4857569634914398,-0.03018786944448948,,0.6042321920394897,0.4597378075122833,-0.02919743023812771,,0.6073172092437744,0.4320356845855713,-0.02493906579911709,,0.6154127717018127,0.6233080625534058,-1.478274356259135e-07,,0.6377015709877014,0.6150156855583191,-0.009326238185167313,,0.65479576587677,0.5934109687805176,-0.015687383711338043,,0.662743091583252,0.5742807984352112,-0.02270841971039772,,0.6613795757293701,0.559506356716156,-0.02810460515320301,,0.6486130356788635,0.5262333750724792,-0.008137773722410202,,0.6546915173530579,0.5184326767921448,-0.022089792415499687,,0.6526855230331421,0.5569214224815369,-0.029102353379130363,,0.6489734649658203,0.5850411057472229,-0.03026079386472702,,0.6324118375778198,0.5195001363754272,-0.009466261602938175,,0.6406506299972534,0.5117214918136597,-0.026117950677871704,,0.6401814222335815,0.5559554696083069,-0.031480416655540466,,0.6369734406471252,0.586347758769989,-0.030763491988182068,,0.6153813004493713,0.5188034772872925,-0.012767757289111614,,0.6222259998321533,0.5023509860038757,-0.02787466160953045,,0.6263523697853088,0.543560266494751,-0.029439574107527733,,0.628171443939209,0.5740717649459839,-0.025514671579003334,,0.5987577438354492,0.5241492390632629,-0.016730668023228645,,0.5997268557548523,0.4856368899345398,-0.023748334497213364,,0.6032341122627258,0.46185627579689026,-0.02536352351307869,,0.6081972122192383,0.43781572580337524,-0.024580921977758408,
-0.0007474369485862553,-0.6038712859153748,-0.25880399346351624,0.999886691570282,0.017328578978776932,-0.6409866213798523,-0.25048336386680603,0.9997987747192383,0.01663365215063095,-0.6406164169311523,-0.2523877024650574,0.9998035430908203,0.017013153061270714,-0.6405360698699951,-0.249966099858284,0.9997817277908325,-0.018772488459944725,-0.6442317366600037,-0.24846090376377106,0.9998015761375427,-0.016733111813664436,-0.6445679068565369,-0.24921366572380066,0.9998067021369934,-0.017462484538555145,-0.643496036529541,-0.245127871632576,0.999794065952301,0.10009004920721054,-0.6208996176719666,-0.15927556157112122,0.9998158812522888,-0.04785728454589844,-0.6302880644798279,-0.12984782457351685,0.9997908473014832,0.02718605473637581,-0.5708496570587158,-0.23412659764289856,0.9999393224716187,-0.016569014638662338,-0.5724769234657288,-0.2240234911441803,0.9999350309371948,0.1912376582622528,-0.4086463451385498,-0.1043143942952156,0.9996606111526489,-0.12436988949775696,-0.44366255402565,-0.05700740963220596,0.9997732639312744,0.16677415370941162,-0.1995042860507965,-0.18747031688690186,0.9925903677940369,-0.20308047533035278,-0.23356133699417114,-0.15693546831607819,0.9797105193138123,0.004801373928785324,-0.3182896673679352,-0.3235607147216797,0.9649137258529663,-0.10850396752357483,-0.37053602933883667,-0.339364230632782,0.9576266407966614,-0.05632331967353821,-0.34982216358184814,-0.360418438911438,0.9385620355606079,-0.07473056763410568,-0.4122738838195801,-0.38678693771362305,0.9403197765350342,-0.04930482059717178,-0.39639508724212646,-0.34483855962753296,0.9421592950820923,-0.06852942705154419,-0.4634307026863098,-0.3592923581600189,0.9430696964263916,-0.011268693022429943,-0.3464328646659851,-0.3213852643966675,0.935741662979126,-0.09228552877902985,-0.3947084844112396,-0.3343107998371124,0.9369011521339417,0.11331847310066223,0.0016456062439829111,-0.0137620335444808,0.5577207803726196,-0.11118582636117935,-0.006432786118239164,0.014700408093631268,0.5894492864608765,0.16020306944847107,-0.04918398708105087,-0.10404898226261139,0.09969335049390793,-0.11406143009662628,-0.004784335382282734,-0.0991772934794426,0.10627326369285583,0.17436255514621735,0.23123781383037567,0.18836967647075653,0.024236055091023445,-0.05391957610845566,0.4140690267086029,0.20102304220199585,0.0245799720287323,0.177653506398201,0.2454776167869568,0.20770883560180664,0.01314875390380621,-0.0388992577791214,0.4359694719314575,0.23337924480438232,0.01697625033557415,0.19448962807655334,0.21597591042518616,-0.008615948259830475,0.019183270633220673,-0.052339620888233185,0.46475812792778015,0.02509181760251522,0.019639890640974045,27,0.9,0.6230034232139587,0.6412002444267273,-3.4834435780339845e-08,,0.6436071395874023,0.6324057579040527,-0.015510828234255314,,0.6572138071060181,0.6081891655921936,-0.025540027767419815,,0.6620866060256958,0.582933783531189,-0.03554939851164818,,0.6573933362960815,0.5668198466300964,-0.04493449255824089,,0.6506448984146118,0.5255225896835327,-0.018276100978255272,,0.6555749773979187,0.46818339824676514,-0.028967417776584625,,0.6567189693450928,0.4357176721096039,-0.03377842903137207,,0.6562315225601196,0.40588560700416565,-0.036097727715969086,,0.6315081715583801,0.5222696661949158,-0.017566313967108727,,0.6373266577720642,0.5147879123687744,-0.03910698741674423,,0.640023410320282,0.559036135673523,-0.04525205120444298,,0.6403347253799438,0.5887163281440735,-0.04374831169843674,,0.6145378947257996,0.5253133773803711,-0.017940200865268707,,0.6209965348243713,0.5084752440452576,-0.037307798862457275,,0.6277740597724915,0.548311173915863,-0.03624735027551651,,0.6311665177345276,0.5772502422332764,-0.029191086068749428,,0.5996313095092773,0.5323018431663513,-0.019621917977929115,,0.5992833375930786,0.48769035935401917,-0.029946282505989075,,0.6016107201576233,0.46346795558929443,-0.029233038425445557,,0.6051123142242432,0.4392082095146179,-0.02541634999215603,,0.6140159368515015,0.6245595812797546,-1.571374070863385e-07,,0.63623046875,0.6172924041748047,-0.009562844410538673,,0.6543568968772888,0.5976042747497559,-0.016194898635149002,,0.6627730131149292,0.578257143497467,-0.0232972651720047,,0.658348798751831,0.5617743730545044,-0.02881857194006443,,0.6494778394699097,0.5298700928688049,-0.009198509156703949,,0.654061496257782,0.5242729783058167,-0.023409031331539154,,0.6514092683792114,0.5633957982063293,-0.03072066605091095,,0.6474705934524536,0.5916001200675964,-0.0321623757481575,,0.6327371597290039,0.5225958824157715,-0.010415831580758095,,0.6394780874252319,0.5164546966552734,-0.026710480451583862,,0.6385383605957031,0.5607953071594238,-0.03181595355272293,,0.6352498531341553,0.5906600952148438,-0.031227322295308113,,0.6150402426719666,0.5220507383346558,-0.013567413203418255,,0.6210572123527527,0.5056789517402649,-0.0281356330960989,,0.6248111128807068,0.5455771684646606,-0.0292726531624794,,0.6265489459037781,0.575143039226532,-0.025414802134037018,,0.5978119969367981,0.5279726982116699,-0.0174314733594656,,0.5984866619110107,0.49037671089172363,-0.024347808212041855,,0.6018316745758057,0.4668952226638794,-0.025811458006501198,,0.6066848039627075,0.4431750774383545,-0.025015944615006447,
-0.0004004067450296134,-0.6077024936676025,-0.2520945966243744,0.9998923540115356,0.017985748127102852,-0.6444874405860901,-0.2428082823753357,0.9998086094856262,0.017294209450483322,-0.6441139578819275,-0.2447267770767212,0.9998123645782471,0.017669275403022766,-0.6440447568893433,-0.2423040270805359,0.9997919797897339,-0.018143104389309883,-0.6478520631790161,-0.24117282032966614,0.9998116493225098,-0.016101401299238205,-0.6481943130493164,-0.24190039932727814,0.9998158812522888,-0.016833249479532242,-0.6471219062805176,-0.23780453205108643,0.9998042583465576,0.10017281025648117,-0.6224544644355774,-0.15017566084861755,0.9998257756233215,-0.04771776869893074,-0.6321892738342285,-0.12245351821184158,0.9998029470443726,0.027254212647676468,-0.5738818049430847,-0.22728939354419708,0.9999425411224365,-0.016514969989657402,-0.575667679309845,-0.21753394603729248,0.9999386668205261,0.19082316756248474,-0.4094589352607727,-0.09924072027206421,0.9996744394302368,-0.12435483187437057,-0.44368281960487366,-0.05007496103644371,0.9997818470001221,0.16689878702163696,-0.2000921070575714,-0.18126434087753296,0.9930495023727417,-0.20271095633506775,-0.2336786687374115,-0.1503409594297409,0.9813300371170044,0.005168287083506584,-0.317170113325119,-0.3142091631889343,0.9680043458938599,-0.10969553142786026,-0.3701589107513428,-0.3275154232978821,0.9615668654441833,-0.055864863097667694,-0.34792831540107727,-0.3502156734466553,0.9420565366744995,-0.0771435871720314,-0.4116278290748596,-0.3733505308628082,0.9444315433502197,-0.048902083188295364,-0.3936780095100403,-0.3342166841030121,0.9450737237930298,-0.07087985426187515,-0.4624696373939514,-0.34552639722824097,0.9466608166694641,-0.01092221774160862,-0.3448430895805359,-0.3116602897644043,0.9389050006866455,-0.09366234391927719,-0.39415663480758667,-0.3224891722202301,0.9405257105827332,0.11329643428325653,0.001627795398235321,-0.013848427683115005,0.568839430809021,-0.11114717274904251,-0.0064195916056632996,0.01478579081594944,0.5994390845298767,0.16009178757667542,-0.048822302371263504,-0.10269583016633987,0.10128376632928848,-0.11383402347564697,-0.007451518904417753,-0.09697820246219635,0.10765652358531952,0.1742752343416214,0.2313622236251831,0.1919330656528473,0.024520184844732285,-0.052899863570928574,0.41268956661224365,0.20691132545471191,0.02471567690372467,0.17756615579128265,0.24555261433124542,0.211569681763649,0.013193871825933456,-0.0378495529294014,0.4344560205936432,0.2402481883764267,0.017073821276426315,0.19415414333343506,0.2158099114894867,-0.007352971006184816,0.01934152841567993,-0.05196836590766907,0.46123257279396057,0.03248671442270279,0.019718963652849197,28,0.934,0.6120872497558594,0.6330230236053467,-3.939216952630886e-08,,0.6362766027450562,0.6284095048904419,-0.015460074879229069,,0.6527876853942871,0.6065143942832947,-0.02572552114725113,,0.6603452563285828,0.584551215171814,-0.03565296158194542,,0.6575337052345276,0.5672556757926941,-0.04485192522406578,,0.6470547318458557,0.5241557359695435,-0.020340101793408394,,0.6528550982475281,0.46625903248786926,-0.030882302671670914,,0.6539124250411987,0.43290579319000244,-0.035468026995658875,,0.6540543437004089,0.4032013416290283,-0.0377107597887516,,0.6283807754516602,0.5198093056678772,-0.01955915242433548,,0.6380228996276855,0.5179396867752075,-0.04109718278050423,,0.6400027275085449,0.5657151341438293,-0.046489037573337555,,0.6398559212684631,0.5966643691062927,-0.04450560733675957,,0.6113541126251221,0.5230763554573059,-0.019735071808099747,,0.6200817227363586,0.5116236209869385,-0.03865399584174156,,0.6261495351791382,0.5517756938934326,-0.0369153656065464,,0.6292641162872314,0.5800526738166809,-0.02977270819246769,,0.5963350534439087,0.5305472612380981,-0.02120232582092285,,0.5971881747245789,0.4894353747367859,-0.03145080432295799,,0.5996398329734802,0.46702444553375244,-0.030447425320744514,,0.6036422848701477,0.4448277950286865,-0.02654978074133396,,0.6121017932891846,0.6274416446685791,-1.392909325659275e-07,,0.6354737877845764,0.6204686760902405,-0.01113916840404272,,0.6540645360946655,0.6000720262527466,-0.01858809031546116,,0.6627068519592285,0.5805532336235046,-0.026313120499253273,,0.6590322256088257,0.5648072957992554,-0.032303325831890106,,0.6467363834381104,0.5290542244911194,-0.010629350319504738,,0.6530240178108215,0.5250592827796936,-0.025380371138453484,,0.6505572199821472,0.5647467970848083,-0.03254450485110283,,0.6467633247375488,0.5931171178817749,-0.033741772174835205,,0.6300312876701355,0.5216733813285828,-0.011346643790602684,,0.6385689973831177,0.5180869102478027,-0.028825685381889343,,0.6376643180847168,0.5636278986930847,-0.03418752923607826,,0.6344360113143921,0.5942002534866333,-0.0333562009036541,,0.6125134825706482,0.5220935940742493,-0.014128608629107475,,0.6200568675994873,0.5082877278327942,-0.030149292200803757,,0.6238939166069031,0.550520122051239,-0.03160349279642105,,0.625688910484314,0.5817527770996094,-0.027405811473727226,,0.5957170128822327,0.5293565988540649,-0.017695700749754906,,0.5973802208900452,0.49234139919281006,-0.02536877430975437,,0.6008312702178955,0.4690040349960327,-0.02711344137787819,,0.6055985689163208,0.445721298456192,-0.026270318776369095,
0.00046973410644568503,-0.6087024807929993,-0.2524855136871338,0.9998970627784729,0.019120503216981888,-0.6453840136528015,-0.24305759370326996,0.9998166561126709,0.0184292271733284,-0.6450057625770569,-0.24498587846755981,0.9998196363449097,0.0188069436699152,-0.6449408531188965,-0.2425592988729477,0.9998003840446472,-0.01709855906665325,-0.6487322449684143,-0.241413876414299,0.9998198747634888,-0.015057011507451534,-0.649077296257019,-0.24213679134845734,0.999823272228241,-0.015787919983267784,-0.6480065584182739,-0.23804399371147156,0.9998125433921814,0.1012868732213974,-0.6227229833602905,-0.15033461153507233,0.9998338222503662,-0.04700729623436928,-0.6323883533477783,-0.12253265827894211,0.9998130202293396,0.0279947891831398,-0.5746526718139648,-0.22770078480243683,0.9999452233314514,-0.015893379226326942,-0.5764197111129761,-0.2178947925567627,0.9999417662620544,0.19111402332782745,-0.4094851315021515,-0.09944035857915878,0.9996839165687561,-0.1241457611322403,-0.4435429871082306,-0.05036354064941406,0.9997883439064026,0.16699855029582977,-0.19994127750396729,-0.18150264024734497,0.9934454560279846,-0.20258119702339172,-0.2334243506193161,-0.1497982144355774,0.9828053712844849,0.005454945843666792,-0.3152603507041931,-0.31515756249427795,0.9707460403442383,-0.11022219061851501,-0.36837896704673767,-0.32755088806152344,0.9651045203208923,-0.0554775670170784,-0.3455425202846527,-0.35130828619003296,0.9450239539146423,-0.0780937671661377,-0.408550500869751,-0.3734208941459656,0.9480817914009094,-0.048516977578401566,-0.3910231590270996,-0.33558201789855957,0.9475145936012268,-0.07132681459188461,-0.4590325653553009,-0.346133828163147,0.9498319625854492,-0.010644038207828999,-0.34258171916007996,-0.3127240836620331,0.9415501356124878,-0.0940680131316185,-0.3918536901473999,-0.3227486312389374,0.9437463879585266,0.11330855637788773,0.0016364740440621972,-0.013834246434271336,0.5727527141571045,-0.11114062368869781,-0.006439365912228823,0.014773727394640446,0.6028901934623718,0.1599833369255066,-0.0511382557451725,-0.1028902679681778,0.1021866425871849,-0.11379775404930115,-0.016864683479070663,-0.09852415323257446,0.10871902108192444,0.17412851750850677,0.23050875961780548,0.19117414951324463,0.024599557742476463,-0.05285654589533806,0.4098239243030548,0.20641173422336578,0.02472936175763607,0.17737780511379242,0.24460190534591675,0.2107265740633011,0.013197816908359528,-0.03779582306742668,0.4312865734100342,0.2396107017993927,0.01707414723932743,0.19405536353588104,0.212258979678154,-0.008255149237811565,0.01935320720076561,-0.051764924079179764,0.45468670129776,0.03218970447778702,0.019678380340337753,29,0.967,0.6106674075126648,0.6293836832046509,-3.3030566726210964e-08,,0.6348431706428528,0.6246564984321594,-0.014003786258399487,,0.6516436338424683,0.6046675443649292,-0.024412574246525764,,0.6603841781616211,0.5868545770645142,-0.03517472743988037,,0.6602421998977661,0.5715243816375732,-0.04530208557844162,,0.6475606560707092,0.5242019295692444,-0.01832880824804306,,0.6546909809112549,0.46930256485939026,-0.029704835265874863,,0.6558426022529602,0.43726518750190735,-0.03496002405881882,,0.656333327293396,0.4078962802886963,-0.03786281868815422,,0.6297065615653992,0.518449604511261,-0.018979957327246666,,0.639408528804779,0.5168371796607971,-0.041519712656736374,,0.6416459679603577,0.5633354187011719,-0.04785183072090149,,0.6416130065917969,0.5928623676300049,-0.0467374362051487,,0.6127352118492126,0.5207424163818359,-0.020701885223388672,,0.6208497881889343,0.5073751211166382,-0.04025614261627197,,0.6261451244354248,0.5473023653030396,-0.03886973485350609,,0.6284840703010559,0.575213611125946,-0.03224018216133118,,0.5968984961509705,0.5281528234481812,-0.023693861439824104,,0.5978678464889526,0.48974114656448364,-0.03465147688984871,,0.5998459458351135,0.46812620759010315,-0.0343521423637867,,0.6026837825775146,0.4453984200954437,-0.0312232356518507,,0.6110707521438599,0.6275973916053772,-1.479962747907848e-07,,0.6347492337226868,0.6206691861152649,-0.011058502830564976,,0.652774453163147,0.5994262099266052,-0.01845964416861534,,0.6606947779655457,0.5808256268501282,-0.026113387197256088,,0.6593478322029114,0.567206084728241,-0.03196893259882927,,0.6463958621025085,0.5284410715103149,-0.011073383502662182,,0.6527737379074097,0.5250038504600525,-0.025535518303513527,,0.6503366231918335,0.565433919429779,-0.032231397926807404,,0.6463404893875122,0.5942123532295227,-0.03314211592078209,,0.6296437978744507,0.5204994678497314,-0.011662728153169155,,0.6385324597358704,0.5192291736602783,-0.029065165668725967,,0.637524425983429,0.5653687119483948,-0.034275300800800323,,0.6338223814964294,0.5964000225067139,-0.03335142880678177,,0.6121454834938049,0.5210233330726624,-0.01422199234366417,,0.6195608973503113,0.5072112679481506,-0.03026474639773369,,0.6239234805107117,0.5493523478507996,-0.031772907823324203,,0.6259092092514038,0.5806035995483398,-0.02758879028260708,,0.5952948331832886,0.5286702513694763,-0.01750224456191063,,0.5972697734832764,0.49120521545410156,-0.02536832168698311,,0.6010212302207947,0.46741265058517456,-0.02726205624639988,,0.605990469455719,0.44397708773612976,-0.026457909494638443,
0.0005506215966306627,-0.6095931529998779,-0.2521727681159973,0.9999018907546997,0.019292322918772697,-0.6462399363517761,-0.24272680282592773,0.9998245239257812,0.018602678552269936,-0.6458624005317688,-0.24465037882328033,0.9998267292976379,0.018977604806423187,-0.645801842212677,-0.242220938205719,0.9998086094856262,-0.016962571069598198,-0.6496143341064453,-0.24096225202083588,0.9998281002044678,-0.014919053763151169,-0.6499614715576172,-0.24169045686721802,0.9998309016227722,-0.015651477500796318,-0.648893415927887,-0.2376004010438919,0.9998210668563843,0.10156726837158203,-0.6233022809028625,-0.1500328928232193,0.9998418092727661,-0.04686698317527771,-0.6330162286758423,-0.12174461036920547,0.9998229742050171,0.028071129694581032,-0.5754610300064087,-0.2274494767189026,0.9999479055404663,-0.015842219814658165,-0.5772519707679749,-0.21751970052719116,0.9999448657035828,0.1911633163690567,-0.4099012017250061,-0.09950732439756393,0.9996945261955261,-0.12394054979085922,-0.44356009364128113,-0.049118753522634506,0.9997962713241577,0.1673705279827118,-0.2003757357597351,-0.18139128386974335,0.9938689470291138,-0.20202213525772095,-0.2337697297334671,-0.1480749547481537,0.9841762781143188,0.005669043865054846,-0.31409701704978943,-0.31394878029823303,0.9733012318611145,-0.11065427213907242,-0.3682451546192169,-0.3250006437301636,0.9683316946029663,-0.05516783893108368,-0.343413382768631,-0.3501061499118805,0.9480631351470947,-0.07876469939947128,-0.40778622031211853,-0.3709692656993866,0.9515580534934998,-0.048193126916885376,-0.3884507119655609,-0.33471179008483887,0.9500939249992371,-0.07183463871479034,-0.4579296112060547,-0.34434497356414795,0.9528867602348328,-0.010409222915768623,-0.3410571813583374,-0.3115813136100769,0.9443454742431641,-0.09444165974855423,-0.3915691077709198,-0.320582777261734,0.9468826651573181,0.1132984459400177,0.0016343327006325126,-0.013924837112426758,0.5805885791778564,-0.11112947016954422,-0.006440365687012672,0.014855392277240753,0.6104788780212402,0.1598900705575943,-0.04950786754488945,-0.10298936069011688,0.10460256785154343,-0.11343409866094589,-0.017017772421240807,-0.0981011688709259,0.11151526123285294,0.17412208020687103,0.23160044848918915,0.1909704953432083,0.02496582828462124,-0.05186275765299797,0.4099564850330353,0.2074231207370758,0.025165598839521408,0.1773713082075119,0.24562197923660278,0.21046505868434906,0.013239777646958828,-0.03683548420667648,0.431480348110199,0.24063457548618317,0.017243383452296257,0.1938963681459427,0.21381381154060364,-0.008988568559288979,0.019575167447328568,-0.051496464759111404,0.4548197388648987,0.033064402639865875,0.019937807694077492,30,1.001,0.6109486818313599,0.6279213428497314,-2.503893981042893e-08,,0.6350662112236023,0.6233119964599609,-0.014666968956589699,,0.6518746018409729,0.6047636270523071,-0.025325674563646317,,0.6602980494499207,0.5863812565803528,-0.03617872670292854,,0.6598134636878967,0.5681235790252686,-0.046391360461711884,,0.6465355753898621,0.522748589515686,-0.01861264742910862,,0.6530705690383911,0.4697291851043701,-0.030448319390416145,,0.6545737981796265,0.4366847276687622,-0.03613739088177681,,0.6553046107292175,0.4065837562084198,-0.03921521455049515,,0.6292414665222168,0.5169202089309692,-0.018973877653479576,,0.6395906805992126,0.5158025622367859,-0.04197768494486809,,0.6409240961074829,0.5629897117614746,-0.048665519803762436,,0.6402748227119446,0.5933238863945007,-0.047714341431856155,,0.612497091293335,0.5190485715866089,-0.02049635723233223,,0.6211976408958435,0.5083121657371521,-0.0408342145383358,,0.625917375087738,0.5510467886924744,-0.040056683123111725,,0.6279967427253723,0.581328809261322,-0.033609285950660706,,0.5970456004142761,0.5263868570327759,-0.023265207186341286,,0.5983367562294006,0.48767608404159546,-0.03435097634792328,,0.600494921207428,0.46575069427490234,-0.034334808588027954,,0.6034460067749023,0.44269895553588867,-0.03145696967840195,,0.6122226715087891,0.6253103017807007,-1.5561552402232337e-07,,0.634802520275116,0.6196658611297607,-0.010323387570679188,,0.6529127359390259,0.5988138318061829,-0.017151936888694763,,0.6616780161857605,0.5801726579666138,-0.024356210604310036,,0.6593962907791138,0.5643423795700073,-0.02982422709465027,,0.6471602320671082,0.5257576107978821,-0.009867643937468529,,0.6527860760688782,0.5252413749694824,-0.023542728275060654,,0.6495055556297302,0.565413236618042,-0.029988158494234085,,0.6455510854721069,0.5929478406906128,-0.030914999544620514,,0.6301524639129639,0.5175861716270447,-0.010706918314099312,,0.6385576725006104,0.518829345703125,-0.027226172387599945,,0.6368921399116516,0.5642029643058777,-0.032294925302267075,,0.6332622170448303,0.5945355296134949,-0.03149937093257904,,0.612520158290863,0.5184382796287537,-0.013423806056380272,,0.6205070614814758,0.507052481174469,-0.028744226321578026,,0.6241589784622192,0.5491517186164856,-0.0299935694783926,,0.6258230209350586,0.5803840160369873,-0.02584853768348694,,0.5958653092384338,0.5266817212104797,-0.016851991415023804,,0.5979252457618713,0.489747017621994,-0.024460498243570328,,0.6015804409980774,0.4658340811729431,-0.026216480880975723,,0.606911838054657,0.442837655544281,-0.02534632943570614,
0.000433976820204407,-0.6107510924339294,-0.25118306279182434,0.9999054670333862,0.01932530850172043,-0.6473271250724792,-0.24185103178024292,0.9998305439949036,0.018634604290127754,-0.6469494104385376,-0.243780255317688,0.9998320937156677,0.019009144976735115,-0.6468944549560547,-0.24134889245033264,0.999815046787262,-0.016911523416638374,-0.6507976651191711,-0.23979584872722626,0.9998342394828796,-0.014869963750243187,-0.6511498689651489,-0.2405153214931488,0.999836266040802,-0.015602401457726955,-0.6500853300094604,-0.23642495274543762,0.9998272061347961,0.101668581366539,-0.6240279078483582,-0.1495603770017624,0.9998480677604675,-0.04678273946046829,-0.6341564655303955,-0.12007097899913788,0.9998302459716797,0.027971189469099045,-0.5765376687049866,-0.22666238248348236,0.9999498128890991,-0.01591484248638153,-0.5784696340560913,-0.2163659781217575,0.9999470710754395,0.19120126962661743,-0.41027650237083435,-0.09953656792640686,0.999702513217926,-0.12347793579101562,-0.4441888630390167,-0.04769005998969078,0.9998018741607666,0.16739600896835327,-0.2007155865430832,-0.181461900472641,0.9941962957382202,-0.20048269629478455,-0.23559033870697021,-0.14534913003444672,0.9853329062461853,0.005736978258937597,-0.31400787830352783,-0.312710165977478,0.9755333662033081,-0.1093723475933075,-0.36925965547561646,-0.32056358456611633,0.9711931347846985,-0.05502690002322197,-0.3432738482952118,-0.34871283173561096,0.9505561590194702,-0.07779208570718765,-0.40786460041999817,-0.3663799464702606,0.9545339941978455,-0.04799133539199829,-0.3882155120372772,-0.33330637216567993,0.9521620869636536,-0.07077427953481674,-0.45727038383483887,-0.33983826637268066,0.9554672837257385,-0.010326925665140152,-0.34088385105133057,-0.31029075384140015,0.9465715289115906,-0.09322590380907059,-0.39209988713264465,-0.31633949279785156,0.9494932889938354,0.11328357458114624,0.0016716038808226585,-0.014104840345680714,0.5871639251708984,-0.11110324412584305,-0.006496316287666559,0.015039355494081974,0.6166660189628601,0.15973921120166779,-0.04895005747675896,-0.1029667854309082,0.10617359727621078,-0.1132109984755516,-0.017193201929330826,-0.09764109551906586,0.11311361193656921,0.17410007119178772,0.2317407727241516,0.1909196525812149,0.025194017216563225,-0.05102185159921646,0.4097922444343567,0.20808406174182892,0.025375105440616608,0.17733776569366455,0.245723694562912,0.21046985685825348,0.013256589882075787,-0.036010921001434326,0.431260883808136,0.2415340393781662,0.01740177907049656,0.19372138381004333,0.21373659372329712,-0.009683925658464432,0.019720738753676414,-0.05135210603475571,0.45391127467155457,0.03411952778697014,0.020103175193071365,31,1.034,0.6116429567337036,0.6269068717956543,-2.692834577544545e-08,,0.6357137560844421,0.6231870055198669,-0.014448798261582851,,0.6527101993560791,0.6040470004081726,-0.02476729080080986,,0.6609843969345093,0.5853269100189209,-0.03511926904320717,,0.6596413254737854,0.5664020776748657,-0.04481248930096626,,0.6477541923522949,0.5223627090454102,-0.018589546903967857,,0.6551902294158936,0.47044917941093445,-0.03019016422331333,,0.656810998916626,0.438009113073349,-0.03588424623012543,,0.6576215028762817,0.4086490869522095,-0.038966644555330276,,0.6301716566085815,0.5158987641334534,-0.018728820607066154,,0.6403234601020813,0.5154911875724792,-0.04115181416273117,,0.6414461731910706,0.5621755719184875,-0.04764343798160553,,0.6408421397209167,0.5924440026283264,-0.04660521075129509,,0.6133455634117126,0.5179754495620728,-0.019952137023210526,,0.6217352151870728,0.5067965388298035,-0.039468664675951004,,0.6262590885162354,0.5477412343025208,-0.03842335566878319,,0.6284369826316833,0.5773472785949707,-0.031933028250932693,,0.5979374051094055,0.5254284143447876,-0.022417467087507248,,0.5992590188980103,0.4869370460510254,-0.03326968476176262,,0.6012871265411377,0.46499350666999817,-0.03316125273704529,,0.6044127941131592,0.4423620104789734,-0.0301364678889513,,0.6122692823410034,0.6242656707763672,-1.5217069915252068e-07,,0.6351875066757202,0.6186565160751343,-0.0108729163184762,,0.6534245610237122,0.5974961519241333,-0.018037576228380203,,0.6619163751602173,0.5789908766746521,-0.025611402466893196,,0.6609416007995605,0.5641788840293884,-0.03144140541553497,,0.6473221778869629,0.5257589221000671,-0.01002537738531828,,0.6533315777778625,0.5241031050682068,-0.02445463463664055,,0.6501960158348083,0.5644598007202148,-0.031378235667943954,,0.6461504101753235,0.592758297920227,-0.032470762729644775,,0.6305033564567566,0.5175950527191162,-0.010776206851005554,,0.6394244432449341,0.5172516703605652,-0.028068697080016136,,0.6379412412643433,0.562786340713501,-0.03346216678619385,,0.6343228816986084,0.5934987664222717,-0.03265247866511345,,0.6131018996238708,0.5180630683898926,-0.013556094840168953,,0.6209378838539124,0.5050560832023621,-0.029556965455412865,,0.6249447464942932,0.5471716523170471,-0.031053898856043816,,0.626885175704956,0.5785855650901794,-0.026820819824934006,,0.5964553952217102,0.5255964398384094,-0.017089195549488068,,0.5987022519111633,0.4883453845977783,-0.024990761652588844,,0.60249924659729,0.4642893075942993,-0.026881709694862366,,0.6077919602394104,0.4409206509590149,-0.02600882761180401,
-0.0010801537428051233,-0.6109643578529358,-0.25098493695259094,0.9999091625213623,0.01810772344470024,-0.647553563117981,-0.2417353391647339,0.9998364448547363,0.01741555519402027,-0.647175669670105,-0.24366237223148346,0.999837338924408,0.01778767816722393,-0.6471222639083862,-0.24122926592826843,0.9998213052749634,-0.01808624155819416,-0.6510612368583679,-0.23952648043632507,0.999840497970581,-0.016049178317189217,-0.6514145731925964,-0.24024666845798492,0.9998419284820557,-0.016782231628894806,-0.650351345539093,-0.23615650832653046,0.9998336434364319,0.10126287490129471,-0.6243294477462769,-0.14960719645023346,0.9998541474342346,-0.046992529183626175,-0.6346331834793091,-0.11942803114652634,0.9998376369476318,0.02673199214041233,-0.5768141746520996,-0.22654831409454346,0.9999517798423767,-0.017115067690610886,-0.578800618648529,-0.2160578966140747,0.9999493956565857,0.1909056007862091,-0.41048958897590637,-0.09965139627456665,0.9997100234031677,-0.12342294305562973,-0.4445211887359619,-0.046804819256067276,0.9998080134391785,0.1670379340648651,-0.2008211463689804,-0.18158850073814392,0.9945135116577148,-0.19968196749687195,-0.2372169941663742,-0.14460094273090363,0.9864065051078796,0.005135141313076019,-0.31392136216163635,-0.3123086988925934,0.9775693416595459,-0.1083308681845665,-0.3707454204559326,-0.31946903467178345,0.9737813472747803,-0.055610571056604385,-0.3430737257003784,-0.3482271432876587,0.9528771638870239,-0.07664480805397034,-0.40871462225914,-0.3653448820114136,0.957221508026123,-0.04840528964996338,-0.38811495900154114,-0.33271270990371704,0.9541000723838806,-0.06976191699504852,-0.457317054271698,-0.3386882245540619,0.9577884078025818,-0.010886878706514835,-0.34074756503105164,-0.3098209798336029,0.9486511945724487,-0.09224917739629745,-0.39312657713890076,-0.31530633568763733,0.9518395662307739,0.11327456682920456,0.0016719112172722816,-0.014272044412791729,0.591806948184967,-0.11108981817960739,-0.006503891199827194,0.015204251743853092,0.6214121580123901,0.15968352556228638,-0.049001406878232956,-0.10307873785495758,0.10736705362796783,-0.11306457221508026,-0.01754329539835453,-0.09770730882883072,0.11443567276000977,0.17425841093063354,0.23124302923679352,0.19073766469955444,0.025326935574412346,-0.05060022696852684,0.40968477725982666,0.20775030553340912,0.02552170120179653,0.1774943768978119,0.2450813502073288,0.2103070616722107,0.013249758630990982,-0.035611189901828766,0.4311315715312958,0.24120724201202393,0.01750507950782776,0.19359520077705383,0.21264798939228058,-0.0099700428545475,0.019800810143351555,-0.051317308098077774,0.4536248743534088,0.03355782479047775,0.020209798589348793,32,1.067,0.6120499968528748,0.6271677017211914,-2.6317598766922856e-08,,0.6359350681304932,0.6226873397827148,-0.014606354758143425,,0.652722954750061,0.603552520275116,-0.025012865662574768,,0.6609666347503662,0.5844866037368774,-0.03544950485229492,,0.6592649817466736,0.5646275281906128,-0.04521056264638901,,0.647754967212677,0.5223034620285034,-0.018434535712003708,,0.6548627018928528,0.4706307053565979,-0.030185231938958168,,0.6564951539039612,0.43826013803482056,-0.03601432219147682,,0.6572946310043335,0.40874701738357544,-0.03917112201452255,,0.6304776072502136,0.516165018081665,-0.018548982217907906,,0.6404060125350952,0.514926552772522,-0.0411173477768898,,0.6414090991020203,0.5618135929107666,-0.04776078462600708,,0.6407782435417175,0.5921363830566406,-0.04681534320116043,,0.6137356758117676,0.5181599259376526,-0.019800040870904922,,0.6219193935394287,0.5062533020973206,-0.03946441039443016,,0.6264204382896423,0.5475342869758606,-0.03860994800925255,,0.6286291480064392,0.5775001049041748,-0.03224129602313042,,0.5982806086540222,0.5254455208778381,-0.022297192364931107,,0.5996167659759521,0.4866313934326172,-0.03311567381024361,,0.6015538573265076,0.46460258960723877,-0.03309312462806702,,0.6044623851776123,0.441815584897995,-0.030193418264389038,,0.6126601696014404,0.6246019601821899,-1.5105396755643596e-07,,0.6355042457580566,0.6190757155418396,-0.010433025658130646,,0.6538503766059875,0.5974423885345459,-0.017166277393698692,,0.6625431776046753,0.578250527381897,-0.024345122277736664,,0.6608608961105347,0.5624052882194519,-0.02982025407254696,,0.6478742957115173,0.5270068645477295,-0.009586027823388577,,0.6539512276649475,0.523328423500061,-0.023803280666470528,,0.6508692502975464,0.5624803304672241,-0.030621914193034172,,0.6467195153236389,0.5904287099838257,-0.031695086508989334,,0.6311662197113037,0.518606424331665,-0.01043576467782259,,0.639974057674408,0.5162767171859741,-0.027544403448700905,,0.6383483409881592,0.5615248084068298,-0.032826848328113556,,0.6345037817955017,0.5921698808670044,-0.0319901667535305,,0.6136999130249023,0.5186007022857666,-0.0132968220859766,,0.6214017271995544,0.5044049024581909,-0.029186639934778214,,0.6253176331520081,0.5465342402458191,-0.030636422336101532,,0.6271215081214905,0.5780664682388306,-0.02644544653594494,,0.596835732460022,0.5257514715194702,-0.016880646347999573,,0.5990733504295349,0.4884868562221527,-0.02487940341234207,,0.6028057336807251,0.4643322229385376,-0.026928376406431198,,0.6079632639884949,0.4406343996524811,-0.02623641863465309,
-0.002247915370389819,-0.6108455657958984,-0.2493675947189331,0.9999116659164429,0.017177222296595573,-0.6474815607070923,-0.24059942364692688,0.9998404383659363,0.016480347141623497,-0.6471032500267029,-0.24253086745738983,0.9998407959938049,0.016850655898451805,-0.6470511555671692,-0.24009138345718384,0.999825656414032,-0.01889098808169365,-0.6510176658630371,-0.23785856366157532,0.9998445510864258,-0.01686246506869793,-0.6513721346855164,-0.23857100307941437,0.9998453259468079,-0.017596669495105743,-0.6503097414970398,-0.2344779223203659,0.9998375773429871,0.10124526917934418,-0.6243630647659302,-0.14945779740810394,0.9998587965965271,-0.046892523765563965,-0.6348755359649658,-0.11741209030151367,0.9998425245285034,0.026005959138274193,-0.5767766237258911,-0.2253764122724533,0.9999532699584961,-0.017698299139738083,-0.5787683129310608,-0.2141922265291214,0.9999509453773499,0.19097784161567688,-0.4105267822742462,-0.09972383081912994,0.9997168779373169,-0.12251004576683044,-0.44522735476493835,-0.04403575882315636,0.9998133182525635,0.1668766885995865,-0.2007186859846115,-0.1815522462129593,0.9947816133499146,-0.19763557612895966,-0.23922830820083618,-0.1397201269865036,0.9873152375221252,0.005222155712544918,-0.3136609196662903,-0.31035009026527405,0.9793959259986877,-0.10690449923276901,-0.37269872426986694,-0.3160897195339203,0.9760993719100952,-0.05548407509922981,-0.34280356764793396,-0.3456365764141083,0.955010712146759,-0.07558544725179672,-0.40985429286956787,-0.36186283826828003,0.9596487283706665,-0.04832248017191887,-0.3878684937953949,-0.330331414937973,0.955903947353363,-0.06863206624984741,-0.4579121172428131,-0.3353253901004791,0.9599028825759888,-0.010780037380754948,-0.34050026535987854,-0.3077854514122009,0.9505729079246521,-0.09081113338470459,-0.3947257697582245,-0.3121030032634735,0.953973650932312,0.11326482892036438,0.0017520730616524816,-0.014619812369346619,0.5947632193565369,-0.11106786876916885,-0.006605276372283697,0.015557928942143917,0.6243672370910645,0.15909133851528168,-0.04868822172284126,-0.10321346670389175,0.1092803031206131,-0.11305823922157288,-0.01894267462193966,-0.0974544957280159,0.11641120910644531,0.17378172278404236,0.2318878024816513,0.19048935174942017,0.025773722678422928,-0.05049235373735428,0.40931668877601624,0.20781905949115753,0.025949658825993538,0.1769433468580246,0.24571695923805237,0.21004202961921692,0.01333892997354269,-0.035497456789016724,0.43069013953208923,0.24136945605278015,0.017759302631020546,0.19184783101081848,0.21281322836875916,-0.010314544662833214,0.020098552107810974,-0.05146929621696472,0.4524570107460022,0.033604785799980164,0.020527342334389687,33,1.101,0.6120645403862,0.6274799108505249,-1.9390855143797125e-08,,0.6360400319099426,0.6232991218566895,-0.014676821418106556,,0.6527021527290344,0.6048055291175842,-0.025289172306656837,,0.6614646911621094,0.5866186618804932,-0.03598961606621742,,0.6609012484550476,0.5681024789810181,-0.046049103140830994,,0.647476315498352,0.5229825973510742,-0.01850493624806404,,0.6548288464546204,0.4707558751106262,-0.030058033764362335,,0.6565882563591003,0.43793824315071106,-0.03568112850189209,,0.6574863791465759,0.4082270860671997,-0.03871902450919151,,0.6302263140678406,0.5168948173522949,-0.018685905262827873,,0.6407344341278076,0.5155734419822693,-0.04114259034395218,,0.6420316696166992,0.5621205568313599,-0.04771598055958748,,0.6413494944572449,0.5922561287879944,-0.04673013091087341,,0.6136659383773804,0.5189493894577026,-0.019998256117105484,,0.6223337054252625,0.5074951648712158,-0.039696600288152695,,0.6271852850914001,0.5489002466201782,-0.03892340138554573,,0.6293627619743347,0.5789076089859009,-0.03258005157113075,,0.5984066724777222,0.5261901617050171,-0.022557543590664864,,0.5997291803359985,0.4872489273548126,-0.0333532951772213,,0.6018009185791016,0.4651664197444916,-0.03334842249751091,,0.6047504544258118,0.44233712553977966,-0.030474456027150154,,0.6131131052970886,0.6257273554801941,-1.530609381461545e-07,,0.6359826326370239,0.6195912957191467,-0.009812955744564533,,0.6543036699295044,0.597825825214386,-0.01619058847427368,,0.6631700396537781,0.5788758397102356,-0.023158369585871696,,0.6612635850906372,0.5630561709403992,-0.028466833755373955,,0.6479807496070862,0.5280694365501404,-0.00878868717700243,,0.6542874574661255,0.5241253972053528,-0.022805150598287582,,0.6513769030570984,0.5632098317146301,-0.0295685064047575,,0.6473678946495056,0.5909208059310913,-0.030619226396083832,,0.6314134001731873,0.5200064182281494,-0.009903493337333202,,0.6403855681419373,0.5172519683837891,-0.02678494155406952,,0.6389397978782654,0.5622456073760986,-0.0320613719522953,,0.6352136731147766,0.5926918983459473,-0.031267132610082626,,0.6140317320823669,0.5199089646339417,-0.013000231236219406,,0.6220229268074036,0.5058311820030212,-0.02875698171555996,,0.625920295715332,0.5481405854225159,-0.030256569385528564,,0.6276308298110962,0.5795857310295105,-0.026122381910681725,,0.5972099900245667,0.5267853736877441,-0.01677653007209301,,0.5993488430976868,0.48950397968292236,-0.02468741685152054,,0.6030230522155762,0.46535882353782654,-0.02675013616681099,,0.6081492304801941,0.4416794180870056,-0.026093872264027596,
-0.004396197386085987,-0.610797107219696,-0.24689853191375732,0.9999146461486816,0.015383847989141941,-0.6474399566650391,-0.23855893313884735,0.9998452663421631,0.014677479863166809,-0.6470598578453064,-0.24049799144268036,0.9998452663421631,0.015040923841297626,-0.6470089554786682,-0.23803742229938507,0.9998312592506409,-0.020472848787903786,-0.6509690880775452,-0.23516622185707092,0.9998492002487183,-0.018458722159266472,-0.6513245105743408,-0.23588091135025024,0.9998493194580078,-0.019199803471565247,-0.650262176990509,-0.2317720651626587,0.9998419880867004,0.10079900920391083,-0.6243049502372742,-0.14883887767791748,0.9998646378517151,-0.04685014858841896,-0.6348975300788879,-0.11417295783758163,0.9998476505279541,0.024444183334708214,-0.5767096877098083,-0.22351618111133575,0.9999551773071289,-0.019022153690457344,-0.5787432193756104,-0.21145303547382355,0.9999528527259827,0.19089265167713165,-0.4104389250278473,-0.09978467226028442,0.9997265934944153,-0.12176177650690079,-0.44527244567871094,-0.04034436494112015,0.9998194575309753,0.1665399819612503,-0.20010198652744293,-0.18161891400814056,0.9950947165489197,-0.1970786452293396,-0.23976662755012512,-0.13437584042549133,0.9882088899612427,0.005078802350908518,-0.31321367621421814,-0.3086441457271576,0.9811450839042664,-0.10711170732975006,-0.3737221360206604,-0.31016960740089417,0.9782482385635376,-0.05563453212380409,-0.3424485921859741,-0.3436942994594574,0.9573712348937988,-0.07600747793912888,-0.4103264808654785,-0.3556869626045227,0.9620696306228638,-0.04827635735273361,-0.38715487718582153,-0.32782652974128723,0.9579750895500183,-0.06884633749723434,-0.45802971720695496,-0.328776091337204,0.9620432257652283,-0.010879240930080414,-0.33994632959365845,-0.30563342571258545,0.9528670907020569,-0.09096863120794296,-0.39549359679222107,-0.3062651753425598,0.956263542175293,0.11325830966234207,0.001869500381872058,-0.015227355062961578,0.5978628993034363,-0.11102800071239471,-0.006688958965241909,0.01615460216999054,0.6274392008781433,0.1591484695672989,-0.05205189809203148,-0.10775521397590637,0.10905926674604416,-0.11289797723293304,-0.035994548350572586,-0.09846924245357513,0.11593060195446014,0.17411202192306519,0.2308681756258011,0.1884671151638031,0.025645427405834198,-0.04820290580391884,0.40658989548683167,0.2076801061630249,0.02579560875892639,0.17729996144771576,0.24454130232334137,0.20802515745162964,0.013209952041506767,-0.03287772089242935,0.42795422673225403,0.24143649637699127,0.017734257504343987,0.19150716066360474,0.20823901891708374,-0.015571771189570427,0.019868278875947,-0.04971924051642418,0.4450759291648865,0.03330262377858162,0.02029578946530819,34,1.134,0.6124820709228516,0.6293841600418091,-2.0880218443153353e-08,,0.6364676356315613,0.6246170401573181,-0.01483985036611557,,0.6531891226768494,0.6059578657150269,-0.025735655799508095,,0.6617161631584167,0.5873804092407227,-0.03672994673252106,,0.6602290272712708,0.5687621235847473,-0.0470782108604908,,0.6481961607933044,0.5243965983390808,-0.018909987062215805,,0.6544722318649292,0.47132161259651184,-0.03069317154586315,,0.655794084072113,0.438129186630249,-0.03641076385974884,,0.6561643481254578,0.40812933444976807,-0.03953368589282036,,0.6307371258735657,0.5188711285591125,-0.01920679584145546,,0.6409666538238525,0.5162203311920166,-0.04195466637611389,,0.642296314239502,0.5635643005371094,-0.0484665222465992,,0.6416178345680237,0.593891978263855,-0.04739044979214668,,0.6138856410980225,0.5211765766143799,-0.020663082599639893,,0.6223529577255249,0.5079540610313416,-0.0405343696475029,,0.6274170875549316,0.550223708152771,-0.039562519639730453,,0.6297614574432373,0.5809381008148193,-0.033087342977523804,,0.5983169674873352,0.528721272945404,-0.02340269647538662,,0.5995326638221741,0.4893268346786499,-0.03433995693922043,,0.6014354228973389,0.4670717120170593,-0.03436201438307762,,0.6041983366012573,0.44375288486480713,-0.03154497593641281,,0.6132292747497559,0.6277428865432739,-1.4773540613077785e-07,,0.6362361907958984,0.6212670207023621,-0.009984949603676796,,0.6545102596282959,0.5994601249694824,-0.01644650287926197,,0.6632065176963806,0.5802798867225647,-0.023441702127456665,,0.6618000268936157,0.56480872631073,-0.02875921130180359,,0.6474077701568604,0.5303147435188293,-0.008902485482394695,,0.6542694568634033,0.5252456068992615,-0.022846855223178864,,0.651848554611206,0.5641499757766724,-0.029445577412843704,,0.647881805896759,0.5920464396476746,-0.030337559059262276,,0.6310150623321533,0.5227221846580505,-0.009918281808495522,,0.6401925086975098,0.5180221796035767,-0.026889298111200333,,0.6391829252243042,0.5627800822257996,-0.032152868807315826,,0.6356333494186401,0.5934253931045532,-0.031247545033693314,,0.6138679385185242,0.5225299000740051,-0.01292283646762371,,0.6217816472053528,0.5072591304779053,-0.028606709092855453,,0.6259637475013733,0.5489627122879028,-0.030137956142425537,,0.6277682781219482,0.5802660584449768,-0.025991545990109444,,0.5972177982330322,0.529143214225769,-0.016617147251963615,,0.5991197228431702,0.49131864309310913,-0.02431163564324379,,0.6028497219085693,0.4672059416770935,-0.026273326948285103,,0.6079489588737488,0.4435606002807617,-0.025564365088939667,
-0.00599076459184289,-0.6100072860717773,-0.24376946687698364,0.9999165534973145,0.013962522149085999,-0.6467939615249634,-0.23605495691299438,0.9998483061790466,0.013246444053947926,-0.6464112401008606,-0.2380090206861496,0.9998480081558228,0.013608732260763645,-0.6463632583618164,-0.23553162813186646,0.9998348951339722,-0.02168252132833004,-0.6503812670707703,-0.2318989336490631,0.9998520016670227,-0.01968207396566868,-0.650734543800354,-0.2325991988182068,0.9998514652252197,-0.020426345989108086,-0.6496719121932983,-0.22847536206245422,0.999844491481781,0.10070224851369858,-0.6240845918655396,-0.14823490381240845,0.999869167804718,-0.046748898923397064,-0.6348512768745422,-0.11055487394332886,0.999850869178772,0.02351493574678898,-0.576131284236908,-0.22116021811962128,0.9999566674232483,-0.01972833275794983,-0.5782757997512817,-0.20807722210884094,0.9999541640281677,0.19116899371147156,-0.4103143513202667,-0.0998113676905632,0.9997353553771973,-0.12001011520624161,-0.44531214237213135,-0.0355081669986248,0.9998251795768738,0.1665935218334198,-0.19958090782165527,-0.18130269646644592,0.9953639507293701,-0.19632689654827118,-0.2400013953447342,-0.1265629082918167,0.9889516234397888,0.005129487253725529,-0.31221240758895874,-0.3063303530216217,0.9827006459236145,-0.10746344923973083,-0.374051958322525,-0.30576398968696594,0.9801630973815918,-0.0555608794093132,-0.34118324518203735,-0.34089866280555725,0.9594501256942749,-0.07632619142532349,-0.4103575050830841,-0.35138416290283203,0.9642233848571777,-0.048205871134996414,-0.38579726219177246,-0.3250616490840912,0.9598004817962646,-0.0692107304930687,-0.4579816460609436,-0.3246471583843231,0.9639567732810974,-0.010833160020411015,-0.33887264132499695,-0.3031059503555298,0.9548578858375549,-0.09132672846317291,-0.3957498073577881,-0.30208614468574524,0.9582735896110535,0.11325079947710037,0.0020193620584905148,-0.015979310497641563,0.6003054976463318,-0.11098859459161758,-0.006820302456617355,0.016916895285248756,0.6302952766418457,0.1590898633003235,-0.052830684930086136,-0.11107964813709259,0.10960902273654938,-0.11288302391767502,-0.04054264351725578,-0.09879709780216217,0.11641478538513184,0.17408333718776703,0.2304130494594574,0.18708601593971252,0.025684624910354614,-0.047737594693899155,0.4060600996017456,0.20753520727157593,0.02595214731991291,0.1772674173116684,0.24400320649147034,0.20671622455120087,0.013174783438444138,-0.032341498881578445,0.4273761212825775,0.24131570756435394,0.01789887249469757,0.19010195136070251,0.2057100236415863,-0.018865494057536125,0.01980346441268921,-0.04964698106050491,0.4425705075263977,0.03311065211892128,0.020321296527981758,35,1.167,0.6123961806297302,0.6321342587471008,-2.490008199629301e-08,,0.6363410353660583,0.6271615624427795,-0.014792529866099358,,0.6528162360191345,0.6079469323158264,-0.025581615045666695,,0.6615229249000549,0.5895071029663086,-0.03649243712425232,,0.6615476012229919,0.5703597068786621,-0.04673406109213829,,0.6475341320037842,0.5262994170188904,-0.018704986199736595,,0.6537355184555054,0.47319120168685913,-0.030361458659172058,,0.6548608541488647,0.4398387670516968,-0.03593561053276062,,0.6550657153129578,0.4096513092517853,-0.039002466946840286,,0.630165696144104,0.5205255746841431,-0.019019855186343193,,0.6407545208930969,0.5181394815444946,-0.041652094572782516,,0.6422615051269531,0.5655067563056946,-0.048140231519937515,,0.6415899991989136,0.5958989858627319,-0.04712647572159767,,0.6133374571800232,0.5229029059410095,-0.020499441772699356,,0.6221596598625183,0.5098034739494324,-0.0403987318277359,,0.6273136734962463,0.5523531436920166,-0.03945440053939819,,0.6296292543411255,0.5831514596939087,-0.03304468095302582,,0.5977205038070679,0.5307666659355164,-0.023246264085173607,,0.5991166830062866,0.4914895296096802,-0.034238241612911224,,0.6011437177658081,0.46898728609085083,-0.03432830050587654,,0.6039539575576782,0.4455046057701111,-0.03160327300429344,,0.6131055951118469,0.6290316581726074,-1.4978505191720615e-07,,0.6360031962394714,0.6226349472999573,-0.009897577576339245,,0.6544596552848816,0.6013011932373047,-0.016385793685913086,,0.6631975769996643,0.5821146965026855,-0.023410405963659286,,0.661907434463501,0.5663808584213257,-0.028731409460306168,,0.6474565863609314,0.531602144241333,-0.009004240855574608,,0.6542350053787231,0.526659369468689,-0.023061420768499374,,0.651919424533844,0.565707802772522,-0.029680978506803513,,0.6481078863143921,0.5935760736465454,-0.030543982982635498,,0.6309244632720947,0.5241091847419739,-0.010081578977406025,,0.6400146484375,0.5196270942687988,-0.02707700990140438,,0.6391907334327698,0.564437747001648,-0.03226109966635704,,0.6358819603919983,0.5950927138328552,-0.03129425644874573,,0.6137009263038635,0.5240980386734009,-0.013137462548911572,,0.621576189994812,0.5091657042503357,-0.028775891289114952,,0.6258144974708557,0.5507509112358093,-0.03022008389234543,,0.627778947353363,0.5819295048713684,-0.026022640988230705,,0.5970285534858704,0.5308529138565063,-0.01688217557966709,,0.5989265441894531,0.49341660737991333,-0.02446715161204338,,0.6024656891822815,0.4694717526435852,-0.02632003091275692,,0.6073551177978516,0.44604945182800293,-0.025524845346808434,
-0.007536384277045727,-0.6085469126701355,-0.24186483025550842,0.9999181032180786,0.012102887034416199,-0.6457284092903137,-0.2345346361398697,0.9998510479927063,0.011378305964171886,-0.6453460454940796,-0.2364993393421173,0.999850332736969,0.011744032613933086,-0.6452978253364563,-0.23402278125286102,0.9998377561569214,-0.023320265114307404,-0.6493163704872131,-0.2301999032497406,0.9998546242713928,-0.02133200131356716,-0.6496772766113281,-0.2308797389268875,0.9998536109924316,-0.02207164838910103,-0.6486160755157471,-0.22674262523651123,0.9998470544815063,0.09981825947761536,-0.6239913105964661,-0.1478530317544937,0.9998726844787598,-0.04677553102374077,-0.6348105072975159,-0.10939591377973557,0.9998541474342346,0.02238340489566326,-0.5752404928207397,-0.21964402496814728,0.999957799911499,-0.020604657009243965,-0.5774222016334534,-0.20630903542041779,0.9999552965164185,0.19119609892368317,-0.4102887213230133,-0.09965071082115173,0.9997410178184509,-0.11952783912420273,-0.4453286826610565,-0.03330283239483833,0.9998289942741394,0.16677245497703552,-0.1993798017501831,-0.18032270669937134,0.995555579662323,-0.19660134613513947,-0.23975864052772522,-0.12231496721506119,0.9895251393318176,0.005193154793232679,-0.3108822703361511,-0.30554088950157166,0.9840477108955383,-0.11072911322116852,-0.3735838234424591,-0.305929571390152,0.981844961643219,-0.05551081895828247,-0.33927682042121887,-0.33951762318611145,0.961137056350708,-0.08086010813713074,-0.4097680151462555,-0.3517410457134247,0.9660710096359253,-0.04813755676150322,-0.38429442048072815,-0.32409921288490295,0.9612715840339661,-0.07410452514886856,-0.4575636386871338,-0.3251500427722931,0.9656273126602173,-0.01073149312287569,-0.33762747049331665,-0.30242571234703064,0.9563922882080078,-0.09482837468385696,-0.3953918218612671,-0.302268385887146,0.9599197506904602,0.1131812334060669,0.002030397765338421,-0.01619042456150055,0.5986632704734802,-0.11087621003389359,-0.006846023723483086,0.0171484537422657,0.6292567253112793,0.15861357748508453,-0.05283438786864281,-0.11106452345848083,0.11104848980903625,-0.11292469501495361,-0.03998769074678421,-0.09790509939193726,0.11856018751859665,0.17356166243553162,0.22973263263702393,0.188286691904068,0.02607887238264084,-0.04807673767209053,0.4060543179512024,0.20777489244937897,0.02657325565814972,0.17666402459144592,0.2432524859905243,0.2081567794084549,0.013337886892259121,-0.03265109658241272,0.4273484945297241,0.24171337485313416,0.01825433038175106,0.1891949474811554,0.20435602962970734,-0.018272198736667633,0.020064126700162888,-0.050341278314590454,0.44271671772003174,0.03332756832242012,0.02074139565229416,36,1.201,0.6123669147491455,0.634740948677063,-2.5100417744283732e-08,,0.6364837288856506,0.6297242045402527,-0.014753538183867931,,0.6530193090438843,0.6100869178771973,-0.025445496663451195,,0.6618172526359558,0.5914823412895203,-0.03627721965312958,,0.6620603203773499,0.5724432468414307,-0.04646812751889229,,0.6475644111633301,0.5287382006645203,-0.01891893520951271,,0.6536849141120911,0.47524553537368774,-0.030700767412781715,,0.6546196341514587,0.4416242241859436,-0.036402035504579544,,0.6546260714530945,0.41107577085494995,-0.039572689682245255,,0.6300071477890015,0.5229250192642212,-0.019266402348876,,0.6404839158058167,0.5208372473716736,-0.04206617549061775,,0.6423979997634888,0.5677940845489502,-0.04865540936589241,,0.6419390439987183,0.5980941653251648,-0.04770592227578163,,0.613033652305603,0.5255464911460876,-0.02076106145977974,,0.6218573451042175,0.5129894018173218,-0.04081159085035324,,0.627181351184845,0.55533367395401,-0.039882808923721313,,0.6295750141143799,0.5860226154327393,-0.03343920782208443,,0.597358763217926,0.5336441993713379,-0.02351853810250759,,0.598813533782959,0.4945842921733856,-0.03469344228506088,,0.6008196473121643,0.4721837341785431,-0.03478190675377846,,0.6035255789756775,0.4488648474216461,-0.0319892019033432,,0.6127447485923767,0.6315492987632751,-1.5143049836296996e-07,,0.6354721784591675,0.6247762441635132,-0.009631957858800888,,0.6535466909408569,0.6033337116241455,-0.016033640131354332,,0.6622323989868164,0.584663987159729,-0.023060061037540436,,0.6622986793518066,0.5692967772483826,-0.02839208021759987,,0.6472791433334351,0.5344873666763306,-0.008589978329837322,,0.6541082262992859,0.5285155177116394,-0.022851135581731796,,0.6516460180282593,0.5676684975624084,-0.02979782596230507,,0.6480233073234558,0.5954614281654358,-0.030902400612831116,,0.6307483315467834,0.527290940284729,-0.009849757887423038,,0.6398017406463623,0.522010087966919,-0.026936247944831848,,0.6389815211296082,0.5667162537574768,-0.032216235995292664,,0.6359213590621948,0.5971716642379761,-0.03131983429193497,,0.6134944558143616,0.5272224545478821,-0.013119766488671303,,0.6210920810699463,0.5121656060218811,-0.02879997156560421,,0.6253033876419067,0.5537649393081665,-0.030248945578932762,,0.627406120300293,0.584726870059967,-0.026043206453323364,,0.5967162847518921,0.5336034893989563,-0.017067061737179756,,0.5983233451843262,0.49621865153312683,-0.02458440326154232,,0.6017206311225891,0.4725077748298645,-0.026351748034358025,,0.6064890027046204,0.4490111172199249,-0.02550358884036541,
-0.01013361755758524,-0.6079381704330444,-0.24160036444664001,0.9999183416366577,0.009166442789137363,-0.6453072428703308,-0.23435978591442108,0.999851644039154,0.008448643609881401,-0.6449302434921265,-0.23632493615150452,0.999850332736969,0.00882278848439455,-0.6448822617530823,-0.2338576763868332,0.9998379349708557,-0.026080064475536346,-0.6488924622535706,-0.23003219068050385,0.9998553991317749,-0.024094007909297943,-0.6492642760276794,-0.23070301115512848,0.9998538494110107,-0.02482745237648487,-0.6482060551643372,-0.22656750679016113,0.9998478293418884,0.09747473895549774,-0.623988151550293,-0.1478557586669922,0.9998734593391418,-0.04784202575683594,-0.6348348259925842,-0.10942307859659195,0.9998556971549988,0.01995459944009781,-0.5749499797821045,-0.2194170206785202,0.9999579191207886,-0.022746581584215164,-0.5771268010139465,-0.2061113864183426,0.9999554753303528,0.19053113460540771,-0.410298615694046,-0.09968172758817673,0.9997408390045166,-0.11981082707643509,-0.4453749358654022,-0.033027660101652145,0.9998306632041931,0.1666262149810791,-0.19924959540367126,-0.18020467460155487,0.9956523180007935,-0.19938836991786957,-0.2381690889596939,-0.12116778641939163,0.9899240732192993,0.004788579884916544,-0.3097213804721832,-0.3057677745819092,0.9851527810096741,-0.11483728885650635,-0.3692382574081421,-0.30652448534965515,0.9832798838615417,-0.056116387248039246,-0.33826330304145813,-0.33985796570777893,0.9622861742973328,-0.08548474311828613,-0.4055933356285095,-0.35217681527137756,0.9674928784370422,-0.04853639751672745,-0.3839479386806488,-0.3245677649974823,0.9622216820716858,-0.07858332991600037,-0.4543558955192566,-0.32564210891723633,0.9668883681297302,-0.011028115637600422,-0.33679619431495667,-0.302759051322937,0.9572876691818237,-0.09893001616001129,-0.39163798093795776,-0.30289310216903687,0.9610546827316284,0.11294817924499512,0.001941958675161004,-0.0162432212382555,0.5955999493598938,-0.11065550148487091,-0.006824228912591934,0.017214106395840645,0.6274017095565796,0.1575319468975067,-0.05194319412112236,-0.10732974112033844,0.11221107840538025,-0.11279761791229248,-0.023576844483613968,-0.09529360383749008,0.12035269290208817,0.17348992824554443,0.22956766188144684,0.18901127576828003,0.02637453004717827,-0.04870084673166275,0.407758504152298,0.2075701355934143,0.02709733135998249,0.17658142745494843,0.24312441051006317,0.20890362560749054,0.013496174477040768,-0.033476829528808594,0.4286886751651764,0.24129478633403778,0.018617989495396614,0.18916840851306915,0.2044113576412201,-0.016035335138440132,0.020387796685099602,-0.052193041890859604,0.4463944435119629,0.033285245299339294,0.021248096600174904,37,1.234,0.6127461194992065,0.6391687393188477,-2.944821630990191e-08,,0.6362756490707397,0.6331983804702759,-0.014383170753717422,,0.6526046395301819,0.6127994060516357,-0.024839576333761215,,0.6612939834594727,0.5941962003707886,-0.03550572320818901,,0.6622343063354492,0.5747461318969727,-0.04552154242992401,,0.6470170021057129,0.5321894288063049,-0.018575584515929222,,0.6522030234336853,0.47825896739959717,-0.0304039865732193,,0.6526678204536438,0.44394010305404663,-0.036038655787706375,,0.6524235606193542,0.41297340393066406,-0.03910541534423828,,0.6294466853141785,0.5264152884483337,-0.019085682928562164,,0.6401355266571045,0.5244356393814087,-0.04203636944293976,,0.6423969268798828,0.5709593296051025,-0.04863441735506058,,0.642239511013031,0.6011966466903687,-0.04760592430830002,,0.6123625040054321,0.5292268395423889,-0.020713500678539276,,0.6211461424827576,0.5178477168083191,-0.04083477333188057,,0.62657231092453,0.5602276921272278,-0.039914969354867935,,0.6291670799255371,0.5905859470367432,-0.03343409299850464,,0.5965393781661987,0.5378703474998474,-0.023562923073768616,,0.5979305505752563,0.49959251284599304,-0.03459826856851578,,0.5999927520751953,0.47748082876205444,-0.03458486869931221,,0.602720320224762,0.4542497396469116,-0.03172871470451355,,0.6126315593719482,0.635341465473175,-1.4979843854234787e-07,,0.6356139183044434,0.62782883644104,-0.009260810911655426,,0.653905987739563,0.6063721776008606,-0.015371797606348991,,0.6631170511245728,0.5877342224121094,-0.02217019535601139,,0.6615074276924133,0.5707176923751831,-0.027315588667988777,,0.6465966701507568,0.5370448231697083,-0.00806713942438364,,0.6535651683807373,0.531211793422699,-0.022261302918195724,,0.6517367362976074,0.5702717304229736,-0.02934497408568859,,0.6485506296157837,0.5981950759887695,-0.030537506565451622,,0.6299998760223389,0.5301095247268677,-0.00947572197765112,,0.6390512585639954,0.5254199504852295,-0.026194315403699875,,0.6387451887130737,0.5700374841690063,-0.03155535086989403,,0.6360325217247009,0.6000992655754089,-0.03086177445948124,,0.6126658916473389,0.5303927659988403,-0.012892071157693863,,0.6206116676330566,0.5166091918945312,-0.02837611734867096,,0.6249197721481323,0.5578908324241638,-0.029971767216920853,,0.6269115209579468,0.5881667733192444,-0.025962337851524353,,0.5959662199020386,0.5372092127799988,-0.016967300325632095,,0.5974799394607544,0.4998374283313751,-0.02449706196784973,,0.6008544564247131,0.47612643241882324,-0.02633427083492279,,0.6055986285209656,0.45268991589546204,-0.02556218020617962,
-0.010600953362882137,-0.6072383522987366,-0.2423834651708603,0.9999192953109741,0.008514801040291786,-0.6448430418968201,-0.23525309562683105,0.9998536109924316,0.007795246317982674,-0.6444687247276306,-0.23724345862865448,0.9998518824577332,0.00817930418998003,-0.6444197297096252,-0.23478634655475616,0.9998397827148438,-0.026790877804160118,-0.6483994722366333,-0.23085667192935944,0.9998575448989868,-0.024808252230286598,-0.6487820148468018,-0.23149098455905914,0.9998555779457092,-0.025535717606544495,-0.6477254629135132,-0.227350652217865,0.9998500943183899,0.09716584533452988,-0.6239806413650513,-0.1489058881998062,0.999875545501709,-0.04808226600289345,-0.6348304748535156,-0.11011906713247299,0.9998583793640137,0.019614974036812782,-0.5745628476142883,-0.22021260857582092,0.9999586343765259,-0.02312384732067585,-0.5767080187797546,-0.20683012902736664,0.9999561905860901,0.19061659276485443,-0.4102907180786133,-0.10035340487957001,0.9997445940971375,-0.11982951313257217,-0.44536092877388,-0.03312528505921364,0.999833881855011,0.16722260415554047,-0.19915147125720978,-0.18020446598529816,0.9957318902015686,-0.20065061748027802,-0.23546886444091797,-0.12152303010225296,0.9902753829956055,0.004815333057194948,-0.3074444830417633,-0.3059116005897522,0.9861355423927307,-0.11595341563224792,-0.36307790875434875,-0.30791646242141724,0.9845691919326782,-0.056368637830019,-0.3356074392795563,-0.3401305675506592,0.9633647203445435,-0.08666868507862091,-0.39912092685699463,-0.35390785336494446,0.9688234925270081,-0.04882527142763138,-0.3819124400615692,-0.3247201442718506,0.9631316065788269,-0.07979270070791245,-0.4483557343482971,-0.3272247612476349,0.9680882096290588,-0.011022700928151608,-0.3345988988876343,-0.3030117452144623,0.9581329226493835,-0.1000199094414711,-0.3855716288089752,-0.30414721369743347,0.9621014595031738,0.11289628595113754,0.0019239011453464627,-0.01625295914709568,0.5928096771240234,-0.11057902127504349,-0.006831838749349117,0.01722763292491436,0.6257646679878235,0.15693138539791107,-0.051614947617053986,-0.10568331182003021,0.11458802968263626,-0.1128382608294487,-0.021901810541749,-0.09416523575782776,0.12375520169734955,0.1726076304912567,0.22799630463123322,0.19426614046096802,0.026845743879675865,-0.05039791762828827,0.4077480733394623,0.20757591724395752,0.028004243969917297,0.1755126416683197,0.24154022336006165,0.21504907310009003,0.013783074915409088,-0.03528769314289093,0.42862874269485474,0.24135218560695648,0.01914297603070736,0.18873487412929535,0.2023492157459259,-0.010207105427980423,0.020864784717559814,-0.05371240898966789,0.44639337062835693,0.03377116098999977,0.022024082019925117,38,1.267,0.6121564507484436,0.6429681777954102,-3.2661901627761836e-08,,0.6362724304199219,0.6372445821762085,-0.013414264656603336,,0.6526728868484497,0.6163433790206909,-0.023380931466817856,,0.6614922285079956,0.5984760522842407,-0.033657256513834,,0.6625463962554932,0.5797072649002075,-0.04332491010427475,,0.6462153792381287,0.5359800457954407,-0.018673080950975418,,0.6513534784317017,0.480171799659729,-0.03047150932252407,,0.6519270539283752,0.44533419609069824,-0.036386650055646896,,0.6516331434249878,0.41360658407211304,-0.039792969822883606,,0.6285075545310974,0.53080815076828,-0.019589431583881378,,0.639721155166626,0.5294705033302307,-0.04269382357597351,,0.6429868340492249,0.5766225457191467,-0.049442391842603683,,0.6432599425315857,0.6073840856552124,-0.048597436398267746,,0.6113237142562866,0.5339407920837402,-0.021442173048853874,,0.6202794313430786,0.5227705836296082,-0.04117174446582794,,0.6263094544410706,0.5652681589126587,-0.04003055766224861,,0.6291835308074951,0.595645546913147,-0.033627767115831375,,0.5956620573997498,0.542937159538269,-0.024478130042552948,,0.5968725681304932,0.5053831338882446,-0.0354163683950901,,0.5987579226493835,0.48357951641082764,-0.0353182815015316,,0.6012719869613647,0.4603365957736969,-0.03245871514081955,,0.6109864711761475,0.6403946876525879,-1.597150287580007e-07,,0.6344994902610779,0.6323891878128052,-0.008617681451141834,,0.6530014872550964,0.610601544380188,-0.014605045318603516,,0.6626617312431335,0.5927752256393433,-0.0213698148727417,,0.6622875928878784,0.5764063596725464,-0.026522301137447357,,0.6456071734428406,0.5413343906402588,-0.008265928365290165,,0.6531983017921448,0.5359801650047302,-0.022563820704817772,,0.6520734429359436,0.5758729577064514,-0.029821431264281273,,0.6491750478744507,0.6039049029350281,-0.031164266169071198,,0.6288645267486572,0.5348755121231079,-0.009987598285079002,,0.6385455131530762,0.5309621095657349,-0.026628121733665466,,0.6393644213676453,0.575812578201294,-0.03196435794234276,,0.6372529864311218,0.6055753231048584,-0.031397994607686996,,0.6115609407424927,0.5356610417366028,-0.013612077571451664,,0.619576632976532,0.522037148475647,-0.028928957879543304,,0.6246011257171631,0.5626376867294312,-0.030553147196769714,,0.6268633008003235,0.591812014579773,-0.02670879475772381,,0.5949158668518066,0.5428728461265564,-0.01783120632171631,,0.5961629152297974,0.5052177906036377,-0.02528289519250393,,0.5993547439575195,0.48116233944892883,-0.027011888101696968,,0.6036723852157593,0.4572441577911377,-0.026219258084893227,
-0.01071497518569231,-0.6056137084960938,-0.24824686348438263,0.9999215006828308,0.008273494429886341,-0.6435566544532776,-0.2410656064748764,0.9998575448989868,0.007552468683570623,-0.643184244632721,-0.24303549528121948,0.9998554587364197,0.007937890477478504,-0.6431248188018799,-0.24058471620082855,0.9998435378074646,-0.02719990536570549,-0.6470150947570801,-0.23699912428855896,0.9998617768287659,-0.025214524939656258,-0.6473967432975769,-0.2376551777124405,0.9998597502708435,-0.025938773527741432,-0.6463379263877869,-0.23350927233695984,0.9998546838760376,0.09696535766124725,-0.6237546801567078,-0.15368790924549103,0.9998786449432373,-0.04875138774514198,-0.6343653798103333,-0.11588195711374283,0.9998633861541748,0.019545231014490128,-0.5733635425567627,-0.2255091667175293,0.9999599456787109,-0.023345734924077988,-0.5753665566444397,-0.2124953418970108,0.9999576807022095,0.19079023599624634,-0.41016384959220886,-0.10291823744773865,0.9997488260269165,-0.12022579461336136,-0.4447652995586395,-0.03689140826463699,0.9998380541801453,0.16778621077537537,-0.19815611839294434,-0.18200650811195374,0.9958798885345459,-0.20133619010448456,-0.23103681206703186,-0.12440105527639389,0.9907613396644592,0.0048487018793821335,-0.3047093451023102,-0.31144821643829346,0.9871346354484558,-0.1166563332080841,-0.35575929284095764,-0.31790316104888916,0.9858146905899048,-0.05645596608519554,-0.33240148425102234,-0.3459671437740326,0.9646719098091125,-0.08724889904260635,-0.39122626185417175,-0.36526763439178467,0.970270037651062,-0.04886719211935997,-0.3794136345386505,-0.33151766657829285,0.964302122592926,-0.0803331583738327,-0.44086185097694397,-0.33898115158081055,0.9694471955299377,-0.010989801958203316,-0.33210283517837524,-0.3090205788612366,0.95932537317276,-0.10060776025056839,-0.3785594403743744,-0.3141740560531616,0.9634318947792053,0.11288565397262573,0.0018729252042248845,-0.016187159344553947,0.5892947316169739,-0.110560841858387,-0.006809602025896311,0.017164593562483788,0.6233363151550293,0.15592913329601288,-0.05175365135073662,-0.10595204681158066,0.11432661861181259,-0.11430266499519348,-0.021806616336107254,-0.09421804547309875,0.12421108037233353,0.17047879099845886,0.22608980536460876,0.19411727786064148,0.026812484487891197,-0.054348066449165344,0.4072001278400421,0.2071138322353363,0.02809496596455574,0.17321735620498657,0.23946858942508698,0.21482671797275543,0.013878358528017998,-0.039212003350257874,0.4280334711074829,0.2408062070608139,0.01917404867708683,0.18690930306911469,0.20069165527820587,-0.010222110897302628,0.020893679931759834,-0.05648329481482506,0.4464082419872284,0.03328034281730652,0.022113274782896042,39,1.301,0.6230303645133972,0.6582029461860657,9.273214196525714e-09,,0.6384381055831909,0.6511079668998718,-0.012424136511981487,,0.6536836624145508,0.626485288143158,-0.021813364699482918,,0.6634018421173096,0.606951117515564,-0.0316106341779232,,0.6644824147224426,0.5892589092254639,-0.04076386243104935,,0.6483462452888489,0.5515468120574951,-0.017442671582102776,,0.6498701572418213,0.49235883355140686,-0.02932637371122837,,0.6501531004905701,0.4562288224697113,-0.03437451645731926,,0.6487536430358887,0.4236733317375183,-0.03689583018422127,,0.6297131180763245,0.5489701628684998,-0.018535194918513298,,0.6358320116996765,0.5364879369735718,-0.04136721044778824,,0.6381834745407104,0.5809537768363953,-0.04734300822019577,,0.6380637288093567,0.6087223291397095,-0.045734748244285583,,0.6139370203018188,0.5520097017288208,-0.020603202283382416,,0.6175230741500854,0.5251132845878601,-0.04015140235424042,,0.6231476664543152,0.5598452091217041,-0.03850201144814491,,0.626771867275238,0.584439218044281,-0.03127764165401459,,0.6006163954734802,0.5591300129890442,-0.02366272732615471,,0.5991771817207336,0.5109244585037231,-0.03507634624838829,,0.60174560546875,0.4830787181854248,-0.03509775921702385,,0.6058066487312317,0.4541698694229126,-0.0317787230014801,,0.609107255935669,0.6471653580665588,-1.6890363951915788e-07,,0.6327904462814331,0.6392121315002441,-0.0076154060661792755,,0.6510941982269287,0.6179037094116211,-0.013534190133213997,,0.6614115834236145,0.6014571189880371,-0.020446408540010452,,0.6640561819076538,0.5846245288848877,-0.02595549263060093,,0.6438339352607727,0.5480684638023376,-0.007776325568556786,,0.6519044637680054,0.5477839112281799,-0.022110791876912117,,0.6509311199188232,0.5875687003135681,-0.029897259548306465,,0.6480815410614014,0.6151636838912964,-0.031737543642520905,,0.6270977854728699,0.5420370697975159,-0.010119762271642685,,0.6373457908630371,0.5418416261672974,-0.026709899306297302,,0.6388939619064331,0.585349440574646,-0.032572172582149506,,0.637277364730835,0.6145498156547546,-0.032584819942712784,,0.6099631786346436,0.5435293912887573,-0.014206789433956146,,0.6187488436698914,0.5321317315101624,-0.02955387532711029,,0.624149739742279,0.5710334181785583,-0.03148584067821503,,0.6263630986213684,0.5987656712532043,-0.02804543636739254,,0.5935215950012207,0.5519073009490967,-0.018756289035081863,,0.5945484042167664,0.5147680044174194,-0.02639061026275158,,0.5973089933395386,0.4908199906349182,-0.02793853171169758,,0.6011433601379395,0.4667167067527771,-0.0270511656999588,
-0.012352639809250832,-0.6045216917991638,-0.25392577052116394,0.9999241828918457,0.006284928414970636,-0.6427216529846191,-0.24654166400432587,0.9998620748519897,0.005567352753132582,-0.6423516869544983,-0.24847954511642456,0.999859631061554,0.005954416003078222,-0.6422819495201111,-0.246042400598526,0.9998477101325989,-0.029513180255889893,-0.6461132764816284,-0.2429272085428238,0.9998670816421509,-0.027516869828104973,-0.6464946866035461,-0.2436189502477646,0.9998651742935181,-0.02823501266539097,-0.6454349756240845,-0.23947937786579132,0.9998605847358704,0.09488590806722641,-0.6236925721168518,-0.15794233977794647,0.9998816847801208,-0.05202941596508026,-0.6341437697410583,-0.12192504107952118,0.9998698234558105,0.017973599955439568,-0.5726100206375122,-0.23060542345046997,0.9999613165855408,-0.025351740419864655,-0.5744880437850952,-0.2182183861732483,0.9999594688415527,0.19049428403377533,-0.4100323021411896,-0.10574609041213989,0.9997503161430359,-0.12372535467147827,-0.4442897140979767,-0.04153434932231903,0.9998429417610168,0.1675102561712265,-0.19708064198493958,-0.18468815088272095,0.9959853291511536,-0.20512066781520844,-0.22778530418872833,-0.13158546388149261,0.9912227988243103,0.0036987566854804754,-0.3035775125026703,-0.3179128170013428,0.9880114793777466,-0.11813690513372421,-0.34770211577415466,-0.33320310711860657,0.9869224429130554,-0.05825177580118179,-0.3312634825706482,-0.3533647954463959,0.9657508134841919,-0.08824196457862854,-0.38204729557037354,-0.3818616569042206,0.9715064167976379,-0.050538405776023865,-0.37891197204589844,-0.3399316966533661,0.9652769565582275,-0.08108656108379364,-0.4313194453716278,-0.3562169373035431,0.9706329703330994,-0.012069755233824253,-0.331281453371048,-0.31619417667388916,0.9602829217910767,-0.10178479552268982,-0.3703536093235016,-0.32960107922554016,0.9645776748657227,0.11288057267665863,0.0016242130659520626,-0.015852423384785652,0.584296464920044,-0.11056174337863922,-0.0066548725590109825,0.016828041523694992,0.6204808950424194,0.15364816784858704,-0.05184187367558479,-0.10548931360244751,0.11330001801252365,-0.11739090085029602,-0.014867880381643772,-0.09391425549983978,0.12392473965883255,0.1662868708372116,0.22380036115646362,0.1947108507156372,0.02660203166306019,-0.06337349861860275,0.40720829367637634,0.2064306139945984,0.028019461780786514,0.16868869960308075,0.23696234822273254,0.21536384522914886,0.01391501072794199,-0.04862971603870392,0.4280281066894531,0.23972977697849274,0.019030693918466568,0.1833515167236328,0.19974489510059357,-0.008469476364552975,0.020866747945547104,-0.06526083499193192,0.4488500952720642,0.032452527433633804,0.022132262587547302,40,1.334,0.6056437492370605,0.6606411933898926,-1.3649376739977015e-07,,0.609887957572937,0.6277715563774109,-0.00595999276265502,,0.6119917035102844,0.5774251818656921,-0.01006906945258379,,0.6109656691551208,0.5386009216308594,-0.015462466515600681,,0.606987714767456,0.5059759020805359,-0.02032892219722271,,0.6349219679832458,0.5520104169845581,-0.008533203043043613,,0.6418595314025879,0.49411529302597046,-0.017260584980249405,,0.6423537731170654,0.45977866649627686,-0.01972530595958233,,0.6415712237358093,0.4291161298751831,-0.020417412742972374,,0.628282904624939,0.5569186806678772,-0.011074240319430828,,0.6352542638778687,0.5541448593139648,-0.0331096388399601,,0.63677579164505,0.5969354510307312,-0.037685588002204895,,0.636055052280426,0.6254822015762329,-0.03448966518044472,,0.6215755343437195,0.5643115639686584,-0.014355034567415714,,0.6264944672584534,0.5463727116584778,-0.03261909633874893,,0.6311582326889038,0.5730379223823547,-0.030540097504854202,,0.6332762837409973,0.5899509787559509,-0.023153044283390045,,0.6145331263542175,0.5733557343482971,-0.018143363296985626,,0.617999255657196,0.53208988904953,-0.028074724599719048,,0.6204158067703247,0.5052652955055237,-0.027304155752062798,,0.6219860911369324,0.47916585206985474,-0.02369518019258976,,0.6046962141990662,0.6582851409912109,-1.673387970413387e-07,,0.6289000511169434,0.6504135131835938,-0.005211247131228447,,0.6479406356811523,0.6291937828063965,-0.00991771649569273,,0.6592707633972168,0.6143860816955566,-0.01632614992558956,,0.6649250984191895,0.6025354266166687,-0.02172304503619671,,0.6415249109268188,0.5653597116470337,-0.0040330057963728905,,0.6497973799705505,0.5621631741523743,-0.016998304054141045,,0.6495362520217896,0.6020766496658325,-0.02441062219440937,,0.6470982432365417,0.6301729679107666,-0.025873292237520218,,0.6257284283638,0.5602999329566956,-0.007120989263057709,,0.6352752447128296,0.5566410422325134,-0.021857522428035736,,0.6375855803489685,0.5997191071510315,-0.02726123481988907,,0.6363230347633362,0.6292053461074829,-0.027036817744374275,,0.6089416146278381,0.560130774974823,-0.01173021737486124,,0.6172945499420166,0.5456852912902832,-0.024881506338715553,,0.6219828724861145,0.5860029458999634,-0.025528734549880028,,0.6232354044914246,0.6155570149421692,-0.02140767127275467,,0.5919938087463379,0.5656958222389221,-0.016696501523256302,,0.5951324105262756,0.5284375548362732,-0.02185049094259739,,0.5987258553504944,0.5076591968536377,-0.021059293299913406,,0.6026691198348999,0.4881727695465088,-0.01857857033610344,
-0.012751313857734203,-0.602228581905365,-0.26040831208229065,0.9999265074729919,0.005493190139532089,-0.6409807801246643,-0.2528095841407776,0.9998664259910583,0.004767944570630789,-0.6406108736991882,-0.25480249524116516,0.9998636245727539,0.005168008152395487,-0.6405262351036072,-0.25235801935195923,0.9998515248298645,-0.030512245371937752,-0.6442793011665344,-0.24974527955055237,0.9998720288276672,-0.028518782928586006,-0.6446717977523804,-0.2503911256790161,0.999870240688324,-0.02921820618212223,-0.6436076760292053,-0.24624498188495636,0.9998660683631897,0.09369830787181854,-0.6234380602836609,-0.16317203640937805,0.9998838901519775,-0.054342664778232574,-0.6336562037467957,-0.12973518669605255,0.9998757243156433,0.01750255562365055,-0.5710242986679077,-0.23661699891090393,0.9999625086784363,-0.02609364129602909,-0.5727279782295227,-0.22500969469547272,0.9999610185623169,0.19059360027313232,-0.40956172347068787,-0.10841207206249237,0.999752402305603,-0.1270228773355484,-0.44402921199798584,-0.05017000436782837,0.9998474717140198,0.17068101465702057,-0.19566313922405243,-0.1882631480693817,0.9959602952003479,-0.20724870264530182,-0.22425872087478638,-0.14113706350326538,0.9915385246276855,0.00587672833353281,-0.2990587651729584,-0.33591488003730774,0.9886935949325562,-0.12007908523082733,-0.33491089940071106,-0.35425156354904175,0.9878712892532349,-0.05690353736281395,-0.3254394233226776,-0.37271422147750854,0.9665113687515259,-0.0905817300081253,-0.36697500944137573,-0.4040563702583313,0.972625732421875,-0.0499020591378212,-0.37457266449928284,-0.36124321818351746,0.9659899473190308,-0.0832444503903389,-0.41555696725845337,-0.3804563581943512,0.9717747569084167,-0.01029663160443306,-0.3269058167934418,-0.3355295956134796,0.960874617099762,-0.10358022898435593,-0.35656851530075073,-0.3513621389865875,0.9656234383583069,0.11300225555896759,0.0015515091363340616,-0.014162282459437847,0.5758863687515259,-0.11067760735750198,-0.006655716337263584,0.01526141818612814,0.6133856177330017,0.15112413465976715,-0.05250751972198486,-0.10244647413492203,0.11275593191385269,-0.12184084951877594,-0.015111698769032955,-0.0939534530043602,0.1238659992814064,0.16088330745697021,0.21874287724494934,0.1995556354522705,0.026524707674980164,-0.0724954903125763,0.40165406465530396,0.20343561470508575,0.028013357892632484,0.16276897490024567,0.23142021894454956,0.22068409621715546,0.01411848608404398,-0.05740807205438614,0.4209931194782257,0.23662607371807098,0.018889667466282845,0.18152303993701935,0.19123227894306183,-0.005741418804973364,0.021086204797029495,-0.06930191814899445,0.4449689984321594,0.028509655967354774,0.022345488891005516,41,1.368,0.6086633205413818,0.6829268932342529,-2.5361072175655863e-07,,0.5954663157463074,0.6487630605697632,-0.008050935342907906,,0.589759886264801,0.6045750379562378,-0.014291133731603622,,0.5930067300796509,0.5742799043655396,-0.021578051149845123,,0.5983789563179016,0.5460938215255737,-0.027928492054343224,,0.6231400966644287,0.560261070728302,-0.011007745750248432,,0.6303187608718872,0.5177282691001892,-0.021259836852550507,,0.6327243447303772,0.49192965030670166,-0.025996655225753784,,0.6340947151184082,0.4693054258823395,-0.027843190357089043,,0.6358792781829834,0.5651975274085999,-0.013455748558044434,,0.6423751711845398,0.587052047252655,-0.036569926887750626,,0.6386560797691345,0.6269025802612305,-0.04435577243566513,,0.6326287984848022,0.6582821011543274,-0.042758017778396606,,0.6457390785217285,0.5800397992134094,-0.01674119010567665,,0.6518141031265259,0.5804324746131897,-0.03683696314692497,,0.6460182070732117,0.5864124894142151,-0.04080888628959656,,0.6382685899734497,0.5897095799446106,-0.036683157086372375,,0.6541203260421753,0.5951529145240784,-0.02026902139186859,,0.6671168804168701,0.5620361566543579,-0.0317060649394989,,0.6693628430366516,0.5291891694068909,-0.03326431289315224,,0.6679246425628662,0.5016583204269409,-0.030333571135997772,,0.596757709980011,0.674197256565094,-2.3636773960333812e-07,,0.6226058602333069,0.6657570004463196,-0.0024847660679370165,,0.6412809491157532,0.6471881866455078,-0.0073611317202448845,,0.6537405252456665,0.6363736391067505,-0.014158164151012897,,0.6655258536338806,0.6310256719589233,-0.02091868408024311,,0.6378376483917236,0.5693080425262451,-0.005847855005413294,,0.6462114453315735,0.599389910697937,-0.018807971850037575,,0.6457200050354004,0.6413498520851135,-0.02840253710746765,,0.6433437466621399,0.6713933348655701,-0.031932227313518524,,0.6220757365226746,0.5670943856239319,-0.010105391032993793,,0.6316097974777222,0.6072221398353577,-0.02364269457757473,,0.6323121190071106,0.6508880257606506,-0.03086521103978157,,0.6295183897018433,0.6822465658187866,-0.03293369337916374,,0.605416476726532,0.5756306648254395,-0.015026000328361988,,0.6137973666191101,0.5984720587730408,-0.027153676375746727,,0.6192540526390076,0.6381589770317078,-0.029261941090226173,,0.6214227676391602,0.6674058437347412,-0.027070585638284683,,0.5892596244812012,0.5905362963676453,-0.020025940611958504,,0.5921826958656311,0.5700737237930298,-0.025138376280665398,,0.5958653092384338,0.554877519607544,-0.02438005991280079,,0.600322425365448,0.5421034693717957,-0.02199789695441723,
-0.016015952453017235,-0.6038655638694763,-0.26150208711624146,0.9999295473098755,0.0023904242552816868,-0.6425547003746033,-0.25330987572669983,0.9998709559440613,0.001686505856923759,-0.6421858668327332,-0.2551986873149872,0.9998676180839539,0.002034712117165327,-0.6420783400535583,-0.2527513802051544,0.9998550415039062,-0.0339643731713295,-0.6458151936531067,-0.2507343590259552,0.9998780488967896,-0.03193782642483711,-0.6461755037307739,-0.2515376806259155,0.9998769164085388,-0.03264864906668663,-0.6451064348220825,-0.24740232527256012,0.999873161315918,0.08886019140481949,-0.6244521141052246,-0.1630823314189911,0.9998858571052551,-0.06056058034300804,-0.6342570781707764,-0.13154737651348114,0.9998832941055298,0.013571826741099358,-0.5720070600509644,-0.23741459846496582,0.9999639987945557,-0.03072167932987213,-0.5735960006713867,-0.22651176154613495,0.9999631643295288,0.18740183115005493,-0.40954622626304626,-0.10907328873872757,0.9997518062591553,-0.13297222554683685,-0.44372957944869995,-0.05267352610826492,0.9998540878295898,0.16876079142093658,-0.191552996635437,-0.19223935902118683,0.9962151050567627,-0.207953080534935,-0.22249700129032135,-0.15370172262191772,0.9921711087226868,0.0015132628614082932,-0.2938995659351349,-0.3361259400844574,0.9896361827850342,-0.12040811777114868,-0.33244588971138,-0.36702507734298706,0.9889169931411743,-0.06208401918411255,-0.3189455270767212,-0.3733309209346771,0.9682259559631348,-0.09062381833791733,-0.3632166385650635,-0.4178061783313751,0.9741035103797913,-0.05489317700266838,-0.370130330324173,-0.36171218752861023,0.9676492810249329,-0.08332480490207672,-0.4120951294898987,-0.3944779336452484,0.9732611179351807,-0.014383249916136265,-0.32274991273880005,-0.33562490344047546,0.9627488255500793,-0.10379697382450104,-0.3548143208026886,-0.3641882538795471,0.967349648475647,0.11304022371768951,0.0013725570170208812,-0.013513127341866493,0.5785226821899414,-0.11086610704660416,-0.006413945462554693,0.014381179586052895,0.6186889410018921,0.14473673701286316,-0.047134529799222946,-0.10252796113491058,0.10751314461231232,-0.13431495428085327,0.0026076994836330414,-0.09276106208562851,0.11915165185928345,0.14662399888038635,0.2190881073474884,0.19935037195682526,0.025330765172839165,-0.09350889921188354,0.40500548481941223,0.20341503620147705,0.026781776919960976,0.1479732245206833,0.23165999352931976,0.2201491743326187,0.013615444302558899,-0.07974828034639359,0.4263324439525604,0.23605982959270477,0.01798219606280327,0.1620393842458725,0.1977684646844864,-0.0012981968466192484,0.020193498581647873,-0.09452418237924576,0.4604271650314331,0.028514500707387924,0.021376362070441246,42,1.401,0.5923548936843872,0.6875911355018616,-1.0655323734454214e-07,,0.6148571372032166,0.6759398579597473,-0.006455014459788799,,0.6328718662261963,0.6559523940086365,-0.014467043802142143,,0.6404756903648376,0.6373807191848755,-0.023832010105252266,,0.6416124105453491,0.6253957152366638,-0.03345765918493271,,0.6372067928314209,0.600389301776886,-0.021270984783768654,,0.6429897546768188,0.5510721206665039,-0.03546328842639923,,0.6430922150611877,0.5112823247909546,-0.04259471595287323,,0.642981231212616,0.4792601764202118,-0.04636727645993233,,0.6210572719573975,0.5908838510513306,-0.02469772659242153,,0.634630024433136,0.6450547575950623,-0.048994626849889755,,0.6338373422622681,0.696160614490509,-0.053204625844955444,,0.6312982439994812,0.7327353358268738,-0.050258737057447433,,0.6045599579811096,0.5965825915336609,-0.02797534503042698,,0.6154579520225525,0.6548678278923035,-0.047745268791913986,,0.6167516708374023,0.6993837356567383,-0.04353495314717293,,0.6163236498832703,0.732821524143219,-0.03480815142393112,,0.5885774493217468,0.6069595217704773,-0.032046880573034286,,0.5995293855667114,0.6404641270637512,-0.04252933710813522,,0.6010358333587646,0.667479932308197,-0.0379476360976696,,0.6009936332702637,0.6881395578384399,-0.030534543097019196,,0.6044967770576477,0.7034525871276855,-1.503888995557645e-07,,0.6227464079856873,0.6762078404426575,-0.007340569980442524,,0.6385638117790222,0.6500951051712036,-0.01530687976628542,,0.644722580909729,0.6291539669036865,-0.0253456998616457,,0.6483762264251709,0.6104928255081177,-0.03463732451200485,,0.6445744633674622,0.5956766605377197,-0.017615720629692078,,0.6481789946556091,0.5308103561401367,-0.03230897709727287,,0.6459464430809021,0.48931047320365906,-0.04035874828696251,,0.6432414054870605,0.4547349214553833,-0.044374510645866394,,0.6318650841712952,0.5959218740463257,-0.022361161187291145,,0.6388838887214661,0.6197402477264404,-0.046124108135700226,,0.637424886226654,0.6561565399169922,-0.0529029443860054,,0.6349241733551025,0.6826745867729187,-0.052315715700387955,,0.6200019121170044,0.6056057214736938,-0.02761358581483364,,0.6247755885124207,0.6447631120681763,-0.049081917852163315,,0.6246805787086487,0.6882904767990112,-0.04750813543796539,,0.6236230731010437,0.7199524641036987,-0.039900507777929306,,0.6098728775978088,0.6166470050811768,-0.03365079686045647,,0.6181164979934692,0.6280860304832458,-0.04374536871910095,,0.6203948855400085,0.6394166350364685,-0.03948753699660301,,0.6213341951370239,0.6494534015655518,-0.03257080167531967,
-0.01603335700929165,-0.6038379073143005,-0.27838408946990967,0.9999313950538635,0.0024293530732393265,-0.6424115300178528,-0.2684628367424011,0.9998723864555359,0.001729130046442151,-0.6420427560806274,-0.27026963233947754,0.9998689293861389,0.0020786928944289684,-0.6419287919998169,-0.2678036391735077,0.999855637550354,-0.03411249816417694,-0.6456186175346375,-0.2674294412136078,0.9998815655708313,-0.03207780420780182,-0.6459667682647705,-0.2683928906917572,0.9998812675476074,-0.03279159218072891,-0.6448968052864075,-0.26429060101509094,0.9998778104782104,0.08743347227573395,-0.6235394477844238,-0.1735595166683197,0.9998862147331238,-0.06475525349378586,-0.6322898268699646,-0.1490723192691803,0.9998892545700073,0.01297847181558609,-0.5718233585357666,-0.2525332570075989,0.9999650716781616,-0.03191118314862251,-0.5732481479644775,-0.24378347396850586,0.9999649524688721,0.18646548688411713,-0.4086824953556061,-0.11690345406532288,0.999753475189209,-0.14081431925296783,-0.4429776072502136,-0.07202394306659698,0.9998608827590942,0.17193984985351562,-0.18925154209136963,-0.20166440308094025,0.9964337348937988,-0.21713756024837494,-0.22275762259960175,-0.17883284389972687,0.9927745461463928,0.0006216986221261322,-0.27668967843055725,-0.3512566387653351,0.990414023399353,-0.12129711359739304,-0.3121867775917053,-0.3914022147655487,0.9898248314857483,-0.06476319581270218,-0.2968742549419403,-0.3936379849910736,0.9693065285682678,-0.09066170454025269,-0.3353167474269867,-0.4442194402217865,0.9752265214920044,-0.061542220413684845,-0.34888628125190735,-0.3826168179512024,0.9686494469642639,-0.08233459293842316,-0.38220301270484924,-0.42334187030792236,0.9743625521659851,-0.016739189624786377,-0.30458998680114746,-0.3515130579471588,0.9638515114784241,-0.10392224043607712,-0.33179548382759094,-0.3897263705730438,0.9686560034751892,0.1135169118642807,0.0013962778029963374,-0.011639117263257504,0.5813889503479004,-0.11158318817615509,-0.006436476483941078,0.012331624515354633,0.6240353584289551,0.14470341801643372,-0.045160435140132904,-0.10462407022714615,0.10365699976682663,-0.13471968472003937,0.0023676420096307993,-0.10020652413368225,0.11497901380062103,0.14698417484760284,0.22300830483436584,0.1908150017261505,0.02426176331937313,-0.09194207191467285,0.40508708357810974,0.19031313061714172,0.025773100554943085,0.14860524237155914,0.23539979755878448,0.21004943549633026,0.01319517008960247,-0.0781436413526535,0.42675134539604187,0.22071442008018494,0.01726209931075573,0.16394464671611786,0.20731014013290405,-0.004221161361783743,0.01945321261882782,-0.09080027043819427,0.46173715591430664,0.012504586949944496,0.020617634057998657,43,1.434,0.6857694983482361,0.756346583366394,1.269940810288972e-07,,0.6572242975234985,0.7431591749191284,-0.005578308831900358,,0.6394726634025574,0.7070563435554504,-0.008504575118422508,,0.6314172148704529,0.672082245349884,-0.011434248648583889,,0.6256893277168274,0.6435166597366333,-0.014280308037996292,,0.6496292352676392,0.6620352864265442,-0.00295083737000823,,0.6428098678588867,0.6185198426246643,-0.011381522752344608,,0.6382785439491272,0.5863139629364014,-0.01941015012562275,,0.6349141001701355,0.5586475133895874,-0.02493818663060665,,0.6569933891296387,0.6554447412490845,-0.004850275814533234,,0.6490508913993835,0.6105747818946838,-0.011773833073675632,,0.6425870656967163,0.579292893409729,-0.017977120354771614,,0.6373327970504761,0.5509301424026489,-0.02234761230647564,,0.6639040112495422,0.6535468697547913,-0.007990571670234203,,0.6552882790565491,0.6121549606323242,-0.014693262055516243,,0.6479936242103577,0.5834087133407593,-0.017239628359675407,,0.6421746015548706,0.5587742328643799,-0.01849692314863205,,0.6701276898384094,0.6565653681755066,-0.011989248916506767,,0.6615349650382996,0.6223763823509216,-0.017242269590497017,,0.6554334163665771,0.5996626019477844,-0.017951715737581253,,0.6501986980438232,0.5802644491195679,-0.01799810118973255,,,,,,,,,,,,,,,,,,,,,,,,,,,,,,,,,,,,,,,,,,,,,,,,,,,,,,,,,,,,,,,,,,,,,,,,,,,,,,,,,,,,,
-0.017194462940096855,-0.6077187061309814,-0.2757769525051117,0.9999303221702576,0.000996408867649734,-0.6458462476730347,-0.2663007378578186,0.9998694658279419,0.00033417437225580215,-0.6454911828041077,-0.26813751459121704,0.9998658895492554,0.0006787872407585382,-0.6453817486763,-0.26566916704177856,0.999850332736969,-0.035770293325185776,-0.6486831307411194,-0.2647944390773773,0.9998815059661865,-0.03371148183941841,-0.6490299701690674,-0.26570791006088257,0.9998822808265686,-0.03443578630685806,-0.6479849219322205,-0.261599063873291,0.9998789429664612,0.08472219109535217,-0.6260591149330139,-0.17273440957069397,0.9998817443847656,-0.06804250180721283,-0.6333770751953125,-0.14616402983665466,0.9998927712440491,0.011278272606432438,-0.5752597451210022,-0.2503969669342041,0.9999642372131348,-0.033833060413599014,-0.5760046243667603,-0.24106678366661072,0.9999653100967407,0.18517878651618958,-0.4114396572113037,-0.11662530899047852,0.9997338056564331,-0.144473597407341,-0.4433349370956421,-0.07008475065231323,0.9998606443405151,0.17197930812835693,-0.19499969482421875,-0.20178495347499847,0.9965031147003174,-0.2209443300962448,-0.22147656977176666,-0.1723175346851349,0.9931464195251465,-0.01384284533560276,-0.27809473872184753,-0.3481639623641968,0.9908491969108582,-0.12634620070457458,-0.2825872302055359,-0.380034863948822,0.9904184937477112,-0.08337658643722534,-0.30065181851387024,-0.39110293984413147,0.968964695930481,-0.09569624066352844,-0.29862260818481445,-0.4320702850818634,0.9752666354179382,-0.08427329361438751,-0.35037147998809814,-0.3801220953464508,0.9682126641273499,-0.084088034927845,-0.34505486488342285,-0.4125664234161377,0.9743688702583313,-0.03361080214381218,-0.30543574690818787,-0.34845593571662903,0.9632828831672668,-0.10773075371980667,-0.300692081451416,-0.37833744287490845,0.9687150716781616,0.11356353014707565,0.0012637340696528554,-0.01118084043264389,0.5832775831222534,-0.1118239164352417,-0.006390939466655254,0.01183305960148573,0.6277979612350464,0.14180801808834076,-0.034227121621370316,-0.09876801818609238,0.10302776098251343,-0.13382025063037872,0.03710591420531273,-0.09930003434419632,0.11422578245401382,0.14659608900547028,0.23443497717380524,0.18802662193775177,0.023773834109306335,-0.09187239408493042,0.41587719321250916,0.18836845457553864,0.025527680292725563,0.14836600422859192,0.24760398268699646,0.20633910596370697,0.012938415631651878,-0.07905018329620361,0.43865063786506653,0.21716512739658356,0.016936885192990303,0.16509321331977844,0.23192040622234344,-0.003982990514487028,0.019247865304350853,-0.09524030238389969,0.4814758002758026,0.012345336377620697,0.020551057532429695,44,1.468,0.6857041120529175,0.7592180967330933,-2.3608183852275033e-08,,0.6739088296890259,0.7207943797111511,0.003302153432741761,,0.6624153256416321,0.6793781518936157,0.003563077887520194,,0.6513106822967529,0.6490689516067505,0.001990903401747346,,0.6397427916526794,0.6271108388900757,0.0004358365840744227,,0.666482150554657,0.649514377117157,0.00479144649580121,,0.645601212978363,0.6175367832183838,-0.0016183577245101333,,0.6265240907669067,0.5998520255088806,-0.007680112961679697,,0.6117243766784668,0.5894390344619751,-0.011539051309227943,,0.6650581359863281,0.6511473059654236,-0.0005627609207294881,,0.6422101259231567,0.6169437766075134,-0.005656243767589331,,0.622151255607605,0.6001721024513245,-0.010658740065991879,,0.6054601073265076,0.5915055274963379,-0.014295963570475578,,0.6619313955307007,0.6581007838249207,-0.006213977467268705,,0.6422148942947388,0.6238850355148315,-0.010681744664907455,,0.62528395652771,0.6129502058029175,-0.012354709208011627,,0.6123989820480347,0.6098820567131042,-0.013167891651391983,,0.6574917435646057,0.6700796484947205,-0.011876827105879784,,0.6419475674629211,0.6412703990936279,-0.014960604719817638,,0.6311963200569153,0.6307467222213745,-0.014744660817086697,,0.6225804090499878,0.6273688673973083,-0.014011495746672153,,,,,,,,,,,,,,,,,,,,,,,,,,,,,,,,,,,,,,,,,,,,,,,,,,,,,,,,,,,,,,,,,,,,,,,,,,,,,,,,,,,,,
-0.021449247375130653,-0.616186797618866,-0.26958906650543213,0.9999310970306396,-0.003435720456764102,-0.6541327834129333,-0.2583920955657959,0.9998714327812195,-0.0040738931857049465,-0.6537848114967346,-0.2603859007358551,0.9998675584793091,-0.0036688295658677816,-0.6537091135978699,-0.2580176889896393,0.9998510479927063,-0.04028945788741112,-0.6569210886955261,-0.2571409046649933,0.9998845458030701,-0.038221441209316254,-0.6573753356933594,-0.25779151916503906,0.9998856782913208,-0.03891248628497124,-0.656387209892273,-0.25368109345436096,0.9998824596405029,0.0818060040473938,-0.6316754817962646,-0.1624271273612976,0.9998820424079895,-0.07116494327783585,-0.6389142274856567,-0.13714326918125153,0.9998974800109863,0.007084144279360771,-0.5830279588699341,-0.24401900172233582,0.9999637603759766,-0.038033418357372284,-0.5834786295890808,-0.23526820540428162,0.9999657869338989,0.18381737172603607,-0.4148353040218353,-0.11157558858394623,0.9997097849845886,-0.14945879578590393,-0.4447920620441437,-0.06075505167245865,0.999852180480957,0.17303422093391418,-0.20652258396148682,-0.19664262235164642,0.9955849647521973,-0.2340768724679947,-0.22283552587032318,-0.14986376464366913,0.9921127557754517,-0.03371032327413559,-0.2794671356678009,-0.34642165899276733,0.9893317818641663,-0.13024669885635376,-0.26493504643440247,-0.36550939083099365,0.9888549447059631,-0.11010867357254028,-0.29951342940330505,-0.3878098726272583,0.9639990925788879,-0.09854321926832199,-0.2768373489379883,-0.41844451427459717,0.9702606797218323,-0.11713282763957977,-0.35063132643699646,-0.3763999938964844,0.9633986949920654,-0.0861150398850441,-0.3188914358615875,-0.4035392701625824,0.969821035861969,-0.057192057371139526,-0.30643773078918457,-0.3460151255130768,0.9566419720649719,-0.11147776246070862,-0.2794416844844818,-0.3648741841316223,0.9622658491134644,0.11347433179616928,0.00026861936203204095,-0.010738210752606392,0.5719816088676453,-0.11180078238248825,-0.006280513480305672,0.0116157541051507,0.6131448149681091,0.1367761641740799,-0.034962285310029984,-0.07846107333898544,0.10783416032791138,-0.12892816960811615,0.045472074300050735,-0.08824379742145538,0.1175740510225296,0.14560210704803467,0.23196658492088318,0.19838480651378632,0.024831222370266914,-0.09120582044124603,0.4092505872249603,0.18827959895133972,0.026924941688776016,0.14684833586215973,0.2458145171403885,0.2188372015953064,0.013598303310573101,-0.07896340638399124,0.4279109835624695,0.21727187931537628,0.017670178785920143,0.1660083830356598,0.23010747134685516,0.0017562288558110595,0.021126706153154373,-0.1008332371711731,0.4783150255680084,0.013136547058820724,0.022880995646119118,45,1.501,0.6576128602027893,0.7290796041488647,-2.2485079398393282e-07,,0.631998598575592,0.6940945386886597,0.005338256247341633,,0.605647623538971,0.673407793045044,0.00329695176333189,,0.5845186710357666,0.6732588410377502,-0.0006811395287513733,,0.5744807124137878,0.6873472929000854,-0.005098572000861168,,0.5947849750518799,0.6182448267936707,0.004852944053709507,,0.568097710609436,0.6698604226112366,-0.001050132093951106,,0.5742525458335876,0.6898172497749329,-0.007694067899137735,,0.582879900932312,0.6874123215675354,-0.011729766614735126,,0.6011379361152649,0.6344442367553711,-0.0009079372393898666,,0.5756263136863708,0.6927639245986938,-0.0035918664652854204,,0.5833435654640198,0.7090790867805481,-0.006803003139793873,,0.5939477682113647,0.7054457068443298,-0.009724142961204052,,0.6083029508590698,0.6613062024116516,-0.0064766183495521545,,0.5847082734107971,0.7117030620574951,-0.007862813770771027,,0.5920923352241516,0.7253799438476562,-0.0066387164406478405,,0.6015799045562744,0.7191569805145264,-0.006707522552460432,,0.6158309578895569,0.6906943321228027,-0.011684625409543514,,0.5962420701980591,0.7307530641555786,-0.012043232098221779,,0.6031041145324707,0.740307092666626,-0.008432936854660511,,0.6116597652435303,0.7353115677833557,-0.005336418282240629,,,,,,,,,,,,,,,,,,,,,,,,,,,,,,,,,,,,,,,,,,,,,,,,,,,,,,,,,,,,,,,,,,,,,,,,,,,,,,,,,,,,,
-0.027046602219343185,-0.617563784122467,-0.2612813413143158,0.9999216794967651,-0.008995868265628815,-0.6558413505554199,-0.25058335065841675,0.9998576045036316,-0.009592998772859573,-0.6555094122886658,-0.2524890899658203,0.9998538494110107,-0.0092071034014225,-0.6554396748542786,-0.2502287030220032,0.9998334050178528,-0.045941468328237534,-0.6587096452713013,-0.24910680949687958,0.9998745918273926,-0.043850548565387726,-0.6591992974281311,-0.24981467425823212,0.9998776912689209,-0.044544946402311325,-0.6582388281822205,-0.24570344388484955,0.9998738169670105,0.07763656228780746,-0.6366352438926697,-0.1553916037082672,0.9998653531074524,-0.07519493997097015,-0.6444960832595825,-0.12879198789596558,0.9998914003372192,0.0019318887498229742,-0.5857192873954773,-0.23530104756355286,0.9999545812606812,-0.04305824264883995,-0.5861877799034119,-0.22643893957138062,0.9999589920043945,0.18294750154018402,-0.4235067367553711,-0.1106758862733841,0.9996300339698792,-0.15137875080108643,-0.4484226703643799,-0.04402380809187889,0.999792218208313,0.18903736770153046,-0.20613698661327362,-0.19455693662166595,0.9949092268943787,-0.22680291533470154,-0.21888551115989685,-0.11166858673095703,0.9876915812492371,-0.031039610505104065,-0.24271997809410095,-0.3447105288505554,0.9879376888275146,-0.1457255333662033,-0.19001005589962006,-0.3301963806152344,0.9822472333908081,-0.10544043779373169,-0.24535906314849854,-0.3873779773712158,0.9590142369270325,-0.1270388960838318,-0.18265603482723236,-0.38448259234428406,0.9558616280555725,-0.11647884547710419,-0.29974764585494995,-0.3782035708427429,0.95885169506073,-0.11616627871990204,-0.2168876677751541,-0.3821069300174713,0.957693874835968,-0.05487731471657753,-0.26713767647743225,-0.3449290096759796,0.9508199095726013,-0.13010740280151367,-0.19841887056827545,-0.3353417217731476,0.9487874507904053,0.11325684189796448,-0.0015357546508312225,-0.010840690694749355,0.5661053657531738,-0.11178425699472427,-0.005303307436406612,0.011749922297894955,0.6032232046127319,0.13167434930801392,-0.016760678961873055,-0.07790026068687439,0.10673663020133972,-0.12869539856910706,0.09734969586133957,-0.07661573588848114,0.11561577767133713,0.14589141309261322,0.24210576713085175,0.19151076674461365,0.024801762774586678,-0.09326713532209396,0.42559316754341125,0.17986047267913818,0.02731826715171337,0.14698082208633423,0.2564588189125061,0.21139885485172272,0.013807128183543682,-0.08173839747905731,0.445090651512146,0.20579633116722107,0.018047604709863663,0.1664125621318817,0.25460606813430786,0.0015814517391845584,0.021914945915341377,-0.11084321141242981,0.5081406235694885,0.011346878483891487,0.02414090186357498,46,1.534,,,,,,,,,,,,,,,,,,,,,,,,,,,,,,,,,,,,,,,,,,,,,,,,,,,,,,,,,,,,,,,,,,,,,,,,,,,,,,,,,,,,,,,,,,,,,,,,,,,,,,,,,,,,,,,,,,,,,,,,,,,,,,,,,,,,,,,,,,,,,,,,,,,,,,,,,,,,,,,,,,,,,,,,
-0.026790620759129524,-0.6176469922065735,-0.26117485761642456,0.9999143481254578,-0.008894666098058224,-0.656165361404419,-0.2506040334701538,0.9998447299003601,-0.009487738832831383,-0.6558316946029663,-0.2525007724761963,0.9998393058776855,-0.009104582481086254,-0.6557499766349792,-0.2502415180206299,0.9998146295547485,-0.04584697633981705,-0.6590125560760498,-0.24925535917282104,0.9998679757118225,-0.043753016740083694,-0.6595014333724976,-0.24999038875102997,0.9998730421066284,-0.04444652050733566,-0.6585419178009033,-0.24588169157505035,0.9998690485954285,0.07660481333732605,-0.6388561129570007,-0.15543091297149658,0.9998496174812317,-0.07633897662162781,-0.6464521288871765,-0.1296241730451584,0.999888002872467,0.0018052092054858804,-0.5863418579101562,-0.23526866734027863,0.999946117401123,-0.04318401962518692,-0.5867330431938171,-0.2263738363981247,0.9999533891677856,0.18205595016479492,-0.42773690819740295,-0.11059747636318207,0.9995324611663818,-0.15189984440803528,-0.44856172800064087,-0.043629422783851624,0.9997259378433228,0.1941593885421753,-0.2045559585094452,-0.1915343999862671,0.9941258430480957,-0.20491062104701996,-0.21251466870307922,-0.11601672321557999,0.9835342168807983,-0.028150824829936028,-0.2121901512145996,-0.3440793752670288,0.9864081144332886,-0.14795227348804474,-0.21041440963745117,-0.33903518319129944,0.9774854779243469,-0.10065421462059021,-0.20953486859798431,-0.3867184817790985,0.9532390236854553,-0.13242372870445251,-0.2152339667081833,-0.39289945363998413,0.9443344473838806,-0.11056015640497208,-0.26107069849967957,-0.37623754143714905,0.9533880352973938,-0.12973858416080475,-0.2518964111804962,-0.38937902450561523,0.9474043250083923,-0.05108856409788132,-0.23467911779880524,-0.34375786781311035,0.9439340233802795,-0.1352163553237915,-0.22205735743045807,-0.3448115587234497,0.9363272190093994,0.11325748264789581,-0.0030559031292796135,-0.009945050813257694,0.5475030541419983,-0.11193843185901642,-0.004500429145991802,0.010922196321189404,0.5809505581855774,0.12294336408376694,-0.01632503792643547,-0.06193339824676514,0.10448964685201645,-0.13438069820404053,0.09931124001741409,-0.06819704920053482,0.11247818917036057,0.13160115480422974,0.23919689655303955,0.19902651011943817,0.024239124730229378,-0.11578887701034546,0.42431169748306274,0.18100595474243164,0.026751060038805008,0.13113528490066528,0.252074658870697,0.2186339795589447,0.013662436977028847,-0.10547495633363724,0.4423454999923706,0.20734430849552155,0.017599087208509445,0.15673226118087769,0.24708448350429535,0.010081886313855648,0.022099649533629417,-0.12963275611400604,0.501429557800293,0.012933044694364071,0.024245569482445717,47,1.568,0.6881487369537354,0.8682709336280823,-1.40122907055229e-07,,0.6620678901672363,0.8274248838424683,0.005065996199846268,,0.6316260099411011,0.7927329540252686,0.002844522474333644,,0.6161866188049316,0.7645530104637146,-0.0025082335341721773,,0.6090615391731262,0.7349501848220825,-0.008752821944653988,,0.5991868376731873,0.807715117931366,0.0064225816167891026,,0.5674837827682495,0.8390597105026245,-0.003140670247375965,,0.551960289478302,0.8712009787559509,-0.012724937871098518,,0.5453678369522095,0.8946563601493835,-0.018569115549325943,,0.60036301612854,0.8316713571548462,-0.0016708725597709417,,0.5667815208435059,0.8652510643005371,-0.007810276933014393,,0.5545870661735535,0.896856963634491,-0.014083286747336388,,0.5502490401268005,0.9196197986602783,-0.018649781122803688,,0.6051470041275024,0.8601381182670593,-0.010360348969697952,,0.5724538564682007,0.8880029916763306,-0.014724872075021267,,0.5602289438247681,0.9180556535720825,-0.016525421291589737,,0.5550855398178101,0.9390085339546204,-0.017991526052355766,,0.6133648753166199,0.8905494809150696,-0.019042447209358215,,0.5879437327384949,0.9104657769203186,-0.022083450108766556,,0.5763440132141113,0.9290210008621216,-0.021164387464523315,,0.5695695877075195,0.9441431164741516,-0.02012372389435768,,,,,,,,,,,,,,,,,,,,,,,,,,,,,,,,,,,,,,,,,,,,,,,,,,,,,,,,,,,,,,,,,,,,,,,,,,,,,,,,,,,,,
-0.026415755972266197,-0.6198657751083374,-0.257933109998703,0.9998782873153687,-0.008485565893352032,-0.6583251357078552,-0.24745617806911469,0.9997867941856384,-0.009090429171919823,-0.6579887866973877,-0.24927416443824768,0.999779224395752,-0.00870499201118946,-0.6579046845436096,-0.24703142046928406,0.9997429251670837,-0.045384690165519714,-0.6611301898956299,-0.24675288796424866,0.9998262524604797,-0.04329577460885048,-0.6616039872169495,-0.2476140707731247,0.9998379349708557,-0.04399065673351288,-0.6606627702713013,-0.2435169816017151,0.9998315572738647,0.0767347663640976,-0.641663670539856,-0.15179504454135895,0.9997935891151428,-0.07658867537975311,-0.6487733721733093,-0.12860272824764252,0.9998592734336853,0.002094781259074807,-0.5888139009475708,-0.23127540946006775,0.9999209642410278,-0.04293648526072502,-0.5889837741851807,-0.22351591289043427,0.9999344944953918,0.1811424344778061,-0.4354824721813202,-0.11016611754894257,0.999386191368103,-0.1526133418083191,-0.4496239423751831,-0.04263122379779816,0.9996196627616882,0.19497400522232056,-0.20430560410022736,-0.18908795714378357,0.9937193393707275,-0.18341651558876038,-0.21186502277851105,-0.11882204562425613,0.9800528883934021,-0.027589451521635056,-0.16468557715415955,-0.33872905373573303,0.9851793646812439,-0.13273005187511444,-0.18073785305023193,-0.33799880743026733,0.9717199802398682,-0.09890937060117722,-0.1455039232969284,-0.3839021921157837,0.9474652409553528,-0.1196509376168251,-0.17011848092079163,-0.3916991055011749,0.9291438460350037,-0.11537989974021912,-0.1911727786064148,-0.3749903440475464,0.9479272365570068,-0.1164243146777153,-0.2051086574792862,-0.38819420337677,0.9335349202156067,-0.05267670750617981,-0.18155230581760406,-0.34129804372787476,0.9378281235694885,-0.1197059378027916,-0.18897630274295807,-0.3442230522632599,0.921956479549408,0.11326134949922562,-0.004036496393382549,-0.009444151073694229,0.531022846698761,-0.11211171001195908,-0.0037091500125825405,0.010356401093304157,0.5613150596618652,0.12320700287818909,-0.01566235162317753,-0.06117373704910278,0.09949168562889099,-0.1350385695695877,0.08977121114730835,-0.06882850080728531,0.10630493611097336,0.1285848617553711,0.23883897066116333,0.1987219899892807,0.02282196469604969,-0.11889166384935379,0.4177538752555847,0.1811397224664688,0.02530805394053459,0.12820494174957275,0.2515990734100342,0.21843662858009338,0.012968230992555618,-0.10896284878253937,0.4365043044090271,0.2067759782075882,0.01665721833705902,0.15563713014125824,0.24661484360694885,0.016045117750763893,0.021070023998618126,-0.13010922074317932,0.4963564872741699,0.013334205374121666,0.02313980646431446,48,1.601,0.6830288767814636,0.9208386540412903,1.1520453568891753e-07,,0.6534860134124756,0.8715757727622986,-0.0011359276250004768,,0.6212161779403687,0.8449007868766785,-0.003040760988369584,,0.6031116247177124,0.8237681984901428,-0.005955727305263281,,0.5949580669403076,0.7979651093482971,-0.00958035048097372,,0.595162570476532,0.8973833918571472,0.0022564202081412077,,0.5646135210990906,0.914862871170044,-0.003273819340392947,,0.5489367246627808,0.9177583456039429,-0.009748892858624458,,0.5384992957115173,0.9186332821846008,-0.01411169208586216,,0.5996237397193909,0.9249088764190674,-0.0007291815709322691,,0.5688075423240662,0.9362921714782715,-0.004395413212478161,,0.5539020299911499,0.936681866645813,-0.00983409769833088,,0.5445590615272522,0.9361382126808167,-0.014032436534762383,,0.6073840856552124,0.9479371309280396,-0.0042557260021567345,,0.5782061815261841,0.9584290385246277,-0.007181523833423853,,0.5630409121513367,0.9618930220603943,-0.009240659885108471,,0.5524551272392273,0.9623131155967712,-0.010948855429887772,,0.6176900863647461,0.9677881598472595,-0.00815919041633606,,0.5940715670585632,0.9788106083869934,-0.010441153310239315,,0.5810438990592957,0.9817840456962585,-0.009696758352220058,,0.5714752078056335,0.9831070899963379,-0.008837566711008549,,,,,,,,,,,,,,,,,,,,,,,,,,,,,,,,,,,,,,,,,,,,,,,,,,,,,,,,,,,,,,,,,,,,,,,,,,,,,,,,,,,,,
-0.024566199630498886,-0.6263654828071594,-0.25504496693611145,0.9998536705970764,-0.007024727296084166,-0.664275586605072,-0.24353238940238953,0.9997486472129822,-0.007568998262286186,-0.6639388203620911,-0.24534133076667786,0.9997407793998718,-0.007203034590929747,-0.6638450622558594,-0.2431768774986267,0.9996941089630127,-0.044603947550058365,-0.6667332053184509,-0.24369651079177856,0.9997968673706055,-0.04248863086104393,-0.6672406196594238,-0.24450062215328217,0.9998134970664978,-0.04316078871488571,-0.6663196086883545,-0.2404632568359375,0.9998037219047546,0.07697965204715729,-0.6464793682098389,-0.145762100815773,0.9997425675392151,-0.07752951234579086,-0.6523467302322388,-0.12645450234413147,0.9998356103897095,0.0024859693367034197,-0.5954172611236572,-0.22766049206256866,0.9998961687088013,-0.042771145701408386,-0.5949852466583252,-0.2211102545261383,0.9999149441719055,0.17980465292930603,-0.4425331652164459,-0.10942643880844116,0.9991828203201294,-0.15689873695373535,-0.45158901810646057,-0.04475221782922745,0.9994587898254395,0.19471004605293274,-0.20506484806537628,-0.185151144862175,0.99029940366745,-0.18538911640644073,-0.2131727784872055,-0.11937010288238525,0.9738487005233765,-0.02091917209327221,-0.1281702220439911,-0.33859115839004517,0.9720736145973206,-0.13903945684432983,-0.15981724858283997,-0.3414198160171509,0.9546390175819397,-0.08235732465982437,-0.0928618460893631,-0.3834579885005951,0.9217385649681091,-0.1275561898946762,-0.13726116716861725,-0.39264845848083496,0.9017909169197083,-0.11437394469976425,-0.1296522617340088,-0.3799676299095154,0.9255291819572449,-0.1219719648361206,-0.16217443346977234,-0.3983677625656128,0.9103233218193054,-0.0498892106115818,-0.13751491904258728,-0.3419194221496582,0.9128097891807556,-0.12619920074939728,-0.16116560995578766,-0.35138097405433655,0.8974252343177795,0.11326069384813309,-0.005568204913288355,-0.007748079486191273,0.5125012397766113,-0.11221777647733688,-0.0025987473782151937,0.00878851767629385,0.5398557782173157,0.11491215229034424,-0.0012619317276403308,-0.05696453899145126,0.10171915590763092,-0.13356763124465942,0.11578261107206345,-0.07009436190128326,0.10644467920064926,0.12856292724609375,0.2563316226005554,0.19399020075798035,0.02306596376001835,-0.11921376734972,0.42157450318336487,0.17839793860912323,0.025728680193424225,0.1286797970533371,0.2704909145832062,0.21316008269786835,0.012868222780525684,-0.11064574867486954,0.4404996633529663,0.20438183844089508,0.016278401017189026,0.15654361248016357,0.27321526408195496,0.013468950986862183,0.021925948560237885,-0.13135534524917603,0.500677764415741,0.013405367732048035,0.023827826604247093,49,1.634,,,,,,,,,,,,,,,,,,,,,,,,,,,,,,,,,,,,,,,,,,,,,,,,,,,,,,,,,,,,,,,,,,,,,,,,,,,,,,,,,,,,,,,,,,,,,,,,,,,,,,,,,,,,,,,,,,,,,,,,,,,,,,,,,,,,,,,,,,,,,,,,,,,,,,,,,,,,,,,,,,,,,,,,
-0.022606926038861275,-0.6268967390060425,-0.2685621678829193,0.9998341202735901,-0.005184955429285765,-0.664430558681488,-0.25536081194877625,0.9997109770774841,-0.0056509640999138355,-0.6640767455101013,-0.2571509778499603,0.9997077584266663,-0.005273842718452215,-0.6639652848243713,-0.2552642226219177,0.9996495842933655,-0.043841853737831116,-0.6665696501731873,-0.2559220790863037,0.9997668266296387,-0.041720014065504074,-0.6671048998832703,-0.25627636909484863,0.999790608882904,-0.04234851524233818,-0.6661864519119263,-0.25237223505973816,0.9997757077217102,0.07743509113788605,-0.6458314657211304,-0.1540706753730774,0.9996814727783203,-0.07764854282140732,-0.6518614888191223,-0.13422039151191711,0.9998070597648621,0.003399012377485633,-0.5960075259208679,-0.23993180692195892,0.9998769164085388,-0.04241776093840599,-0.5950657725334167,-0.23358605802059174,0.9998980164527893,0.17885155975818634,-0.44271916151046753,-0.11506076902151108,0.9990438222885132,-0.15899525582790375,-0.44892898201942444,-0.07397875934839249,0.9993051290512085,0.19276416301727295,-0.20638978481292725,-0.16396409273147583,0.9683008790016174,-0.18715202808380127,-0.20891010761260986,-0.12009098380804062,0.9505106210708618,0.049721065908670425,-0.08250588178634644,-0.3059520423412323,0.8939300775527954,-0.13145016133785248,-0.11039493978023529,-0.33950701355934143,0.8809539079666138,0.016625933349132538,-0.03207160532474518,-0.3389979600906372,0.8455705046653748,-0.11476976424455643,-0.07347840815782547,-0.3796389400959015,0.8311040997505188,-0.01581648923456669,-0.052178189158439636,-0.37193387746810913,0.8552814722061157,-0.10855896770954132,-0.08577598631381989,-0.39671409130096436,0.8455701470375061,0.02306264266371727,-0.08062612265348434,-0.32502511143684387,0.8400220274925232,-0.11749780923128128,-0.10367371141910553,-0.35114261507987976,0.8299829959869385,0.11251731961965561,-0.010152054019272327,-0.005182808265089989,0.46952855587005615,-0.11170914769172668,0.0006934895645827055,0.0067126513458788395,0.49451732635498047,0.10437126457691193,-0.014425129629671574,-0.06007540225982666,0.10751575231552124,-0.10759594291448593,0.146236851811409,-0.08699113875627518,0.1116514503955841,0.14034973084926605,0.2537933588027954,0.18882960081100464,0.02480023354291916,-0.11596370488405228,0.44097548723220825,0.1745169758796692,0.028999507427215576,0.14247624576091766,0.26905736327171326,0.21092329919338226,0.013516689650714397,-0.10871852934360504,0.4589158892631531,0.2046842873096466,0.016912592574954033,0.19137226045131683,0.26772958040237427,-0.005369244609028101,0.02456059120595455,-0.13589508831501007,0.5117163062095642,0.01359829306602478,0.027013840153813362,50,1.668,,,,,,,,,,,,,,,,,,,,,,,,,,,,,,,,,,,,,,,,,,,,,,,,,,,,,,,,,,,,,,,,,,,,,,,,,,,,,,,,,,,,,,,,,,,,,,,,,,,,,,,,,,,,,,,,,,,,,,,,,,,,,,,,,,,,,,,,,,,,,,,,,,,,,,,,,,,,,,,,,,,,,,,,
-0.01995600387454033,-0.6263695359230042,-0.27604615688323975,0.9998230934143066,-0.0021551204845309258,-0.6641346216201782,-0.2642920911312103,0.9996899366378784,-0.0025864664930850267,-0.6637936234474182,-0.2661125063896179,0.99969083070755,-0.002166462130844593,-0.6636815071105957,-0.2642635107040405,0.9996272921562195,-0.04043634980916977,-0.6664333343505859,-0.26428088545799255,0.999747633934021,-0.03832414373755455,-0.6669253706932068,-0.2644233703613281,0.999775767326355,-0.038926862180233,-0.6659888625144958,-0.2605125308036804,0.9997559785842896,0.07987301051616669,-0.6439853310585022,-0.1677829921245575,0.9996550679206848,-0.07352344691753387,-0.648960530757904,-0.14348576962947845,0.9997837543487549,0.005424206145107746,-0.5954573750495911,-0.248636856675148,0.9998674988746643,-0.03963175788521767,-0.5947448015213013,-0.2412414401769638,0.9998864531517029,0.17893315851688385,-0.4414609372615814,-0.12077930569648743,0.9989721775054932,-0.15370920300483704,-0.44708314538002014,-0.0865965187549591,0.9991951584815979,0.19849920272827148,-0.20509223639965057,-0.1469530612230301,0.9488711953163147,-0.17207686603069305,-0.20717394351959229,-0.12014789134263992,0.9195290803909302,0.12502595782279968,-0.04933127388358116,-0.2733243703842163,0.8274185061454773,-0.1345902383327484,-0.09188923984766006,-0.3166661560535431,0.8135206699371338,0.10754665732383728,0.005934356711804867,-0.30187803506851196,0.7809313535690308,-0.12466154247522354,-0.050168298184871674,-0.34876832365989685,0.7679975032806396,0.07898852974176407,-0.005005281418561935,-0.3461880385875702,0.7969702482223511,-0.12008606642484665,-0.054104842245578766,-0.3791053891181946,0.7878109216690063,0.1024463102221489,-0.04218975082039833,-0.29739683866500854,0.7798254489898682,-0.12273300439119339,-0.08017332851886749,-0.33378320932388306,0.7704648971557617,0.11034092307090759,-0.010465061292052269,-0.004703839309513569,0.43302884697914124,-0.10959943383932114,0.0008317524334415793,0.006411663256585598,0.45610377192497253,0.10098610073328018,-0.0347241535782814,-0.06194446235895157,0.10750246047973633,-0.10134577006101608,0.12281441688537598,-0.09256324172019958,0.11284712702035904,0.14134430885314941,0.24619996547698975,0.1887352615594864,0.025000248104333878,-0.11414597928524017,0.4376112222671509,0.1704895943403244,0.031182551756501198,0.14334560930728912,0.26349547505378723,0.21124455332756042,0.013733829371631145,-0.10627855360507965,0.45598796010017395,0.20353147387504578,0.017945364117622375,0.18996937572956085,0.25950101017951965,-0.006260473281145096,0.025335658341646194,-0.1376476138830185,0.5073177814483643,0.013764075003564358,0.02923969179391861,51,1.701,,,,,,,,,,,,,,,,,,,,,,,,,,,,,,,,,,,,,,,,,,,,,,,,,,,,,,,,,,,,,,,,,,,,,,,,,,,,,,,,,,,,,,,,,,,,,,,,,,,,,,,,,,,,,,,,,,,,,,,,,,,,,,,,,,,,,,,,,,,,,,,,,,,,,,,,,,,,,,,,,,,,,,,,
