pose_world_0_x,pose_world_0_y,pose_world_0_z,pose_world_0_visibility,pose_world_1_x,pose_world_1_y,pose_world_1_z,pose_world_1_visibility,pose_world_2_x,pose_world_2_y,pose_world_2_z,pose_world_2_visibility,pose_world_3_x,pose_world_3_y,pose_world_3_z,pose_world_3_visibility,pose_world_4_x,pose_world_4_y,pose_world_4_z,pose_world_4_visibility,pose_world_5_x,pose_world_5_y,pose_world_5_z,pose_world_5_visibility,pose_world_6_x,pose_world_6_y,pose_world_6_z,pose_world_6_visibility,pose_world_7_x,pose_world_7_y,pose_world_7_z,pose_world_7_visibility,pose_world_8_x,pose_world_8_y,pose_world_8_z,pose_world_8_visibility,pose_world_9_x,pose_world_9_y,pose_world_9_z,pose_world_9_visibility,pose_world_10_x,pose_world_10_y,pose_world_10_z,pose_world_10_visibility,pose_world_11_x,pose_world_11_y,pose_world_11_z,pose_world_11_visibility,pose_world_12_x,pose_world_12_y,pose_world_12_z,pose_world_12_visibility,pose_world_13_x,pose_world_13_y,pose_world_13_z,pose_world_13_visibility,pose_world_14_x,pose_world_14_y,pose_world_14_z,pose_world_14_visibility,pose_world_15_x,pose_world_15_y,pose_world_15_z,pose_world_15_visibility,pose_world_16_x,pose_world_16_y,pose_world_16_z,pose_world_16_visibility,pose_world_17_x,pose_world_17_y,pose_world_17_z,pose_world_17_visibility,pose_world_18_x,pose_world_18_y,pose_world_18_z,pose_world_18_visibility,pose_world_19_x,pose_world_19_y,pose_world_19_z,pose_world_19_visibility,pose_world_20_x,pose_world_20_y,pose_world_20_z,pose_world_20_visibility,pose_world_21_x,pose_world_21_y,pose_world_21_z,pose_world_21_visibility,pose_world_22_x,pose_world_22_y,pose_world_22_z,pose_world_22_visibility,pose_world_23_x,pose_world_23_y,pose_world_23_z,pose_world_23_visibility,pose_world_24_x,pose_world_24_y,pose_world_24_z,pose_world_24_visibility,pose_world_25_x,pose_world_25_y,pose_world_25_z,pose_world_25_visibility,pose_world_26_x,pose_world_26_y,pose_world_26_z,pose_world_26_visibility,pose_world_27_x,pose_world_27_y,pose_world_27_z,pose_world_27_visibility,pose_world_28_x,pose_world_28_y,pose_world_28_z,pose_world_28_visibility,pose_world_29_x,pose_world_29_y,pose_world_29_z,pose_world_29_visibility,pose_world_30_x,pose_world_30_y,pose_world_30_z,pose_world_30_visibility,pose_world_31_x,pose_world_31_y,pose_world_31_z,pose_world_31_visibility,pose_world_32_x,pose_world_32_y,pose_world_32_z,pose_world_32_visibility,frame,timestamp,left_hand_0_x,left_hand_0_y,left_hand_0_z,left_hand_0_visibility,left_hand_1_x,left_hand_1_y,left_hand_1_z,left_hand_1_visibility,left_hand_2_x,left_hand_2_y,left_hand_2_z,left_hand_2_visibility,left_hand_3_x,left_hand_3_y,left_hand_3_z,left_hand_3_visibility,left_hand_4_x,left_hand_4_y,left_hand_4_z,left_hand_4_visibility,left_hand_5_x,left_hand_5_y,left_hand_5_z,left_hand_5_visibility,left_hand_6_x,left_hand_6_y,left_hand_6_z,left_hand_6_visibility,left_hand_7_x,left_hand_7_y,left_hand_7_z,left_hand_7_visibility,left_hand_8_x,left_hand_8_y,left_hand_8_z,left_hand_8_visibility,left_hand_9_x,left_hand_9_y,left_hand_9_z,left_hand_9_visibility,left_hand_10_x,left_hand_10_y,left_hand_10_z,left_hand_10_visibility,left_hand_11_x,left_hand_11_y,left_hand_11_z,left_hand_11_visibility,left_hand_12_x,left_hand_12_y,left_hand_12_z,left_hand_12_visibility,left_hand_13_x,left_hand_13_y,left_hand_13_z,left_hand_13_visibility,left_hand_14_x,left_hand_14_y,left_hand_14_z,left_hand_14_visibility,left_hand_15_x,left_hand_15_y,left_hand_15_z,left_hand_15_visibility,left_hand_16_x,left_hand_16_y,left_hand_16_z,left_hand_16_visibility,left_hand_17_x,left_hand_17_y,left_hand_17_z,left_hand_17_visibility,left_hand_18_x,left_hand_18_y,left_hand_18_z,left_hand_18_visibility,left_hand_19_x,left_hand_19_y,left_hand_19_z,left_hand_19_visibility,left_hand_20_x,left_hand_20_y,left_hand_20_z,left_hand_20_visibility,right_hand_0_x,right_hand_0_y,right_hand_0_z,right_hand_0_visibility,right_hand_1_x,right_hand_1_y,right_hand_1_z,right_hand_1_visibility,right_hand_2_x,right_hand_2_y,right_hand_2_z,right_hand_2_visibility,right_hand_3_x,right_hand_3_y,right_hand_3_z,right_hand_3_visibility,right_hand_4_x,right_hand_4_y,right_hand_4_z,right_hand_4_visibility,right_hand_5_x,right_hand_5_y,right_hand_5_z,right_hand_5_visibility,right_hand_6_x,right_hand_6_y,right_hand_6_z,right_hand_6_visibility,right_hand_7_x,right_hand_7_y,right_hand_7_z,right_hand_7_visibility,right_hand_8_x,right_hand_8_y,right_hand_8_z,right_hand_8_visibility,right_hand_9_x,right_hand_9_y,right_hand_9_z,right_hand_9_visibility,right_hand_10_x,right_hand_10_y,right_hand_10_z,right_hand_10_visibility,right_hand_11_x,right_hand_11_y,right_hand_11_z,right_hand_11_visibility,right_hand_12_x,right_hand_12_y,right_hand_12_z,right_hand_12_visibility,right_hand_13_x,right_hand_13_y,right_hand_13_z,right_hand_13_visibility,right_hand_14_x,right_hand_14_y,right_hand_14_z,right_hand_14_visibility,right_hand_15_x,right_hand_15_y,right_hand_15_z,right_hand_15_visibility,right_hand_16_x,right_hand_16_y,right_hand_16_z,right_hand_16_visibility,right_hand_17_x,right_hand_17_y,right_hand_17_z,right_hand_17_visibility,right_hand_18_x,right_hand_18_y,right_hand_18_z,right_hand_18_visibility,right_hand_19_x,right_hand_19_y,right_hand_19_z,right_hand_19_visibility,right_hand_20_x,right_hand_20_y,right_hand_20_z,right_hand_20_visibility
-0.014235848560929298,-0.6095659136772156,-0.32161852717399597,0.9995684027671814,0.006520677357912064,-0.644087016582489,-0.31228750944137573,0.9991955161094666,0.006119579076766968,-0.6436827182769775,-0.31408435106277466,0.999305009841919,0.006585918366909027,-0.6436337232589722,-0.3122808337211609,0.9991534948348999,-0.03133467212319374,-0.6467745900154114,-0.3117940127849579,0.9992133378982544,-0.029233109205961227,-0.6474471688270569,-0.3117716610431671,0.9992964267730713,-0.029822280630469322,-0.6464112997055054,-0.3078837990760803,0.9991447925567627,0.08549340069293976,-0.6191197633743286,-0.2186131626367569,0.9992424249649048,-0.06745575368404388,-0.6261453628540039,-0.1896194964647293,0.9991368651390076,0.008815806359052658,-0.5774215459823608,-0.2945092022418976,0.9998118281364441,-0.03544749319553375,-0.5776498317718506,-0.2854405641555786,0.9998144507408142,0.17612247169017792,-0.42058414220809937,-0.15749192237854004,0.9995478987693787,-0.15026451647281647,-0.43301379680633545,-0.1321481466293335,0.9994555115699768,0.23530028760433197,-0.18377839028835297,-0.15327949821949005,0.8689548969268799,-0.1735922396183014,-0.19143714010715485,-0.09530720859766006,0.7750094532966614,0.19042955338954926,-0.008780392818152905,-0.2674808204174042,0.22418221831321716,-0.1782187968492508,-0.01885744370520115,-0.20020662248134613,0.21320641040802002,0.18104426562786102,0.049755651503801346,-0.29528191685676575,0.17447267472743988,-0.17650000751018524,0.038207367062568665,-0.2163657248020172,0.18210501968860626,0.1453941911458969,0.04602377116680145,-0.3367171883583069,0.24635985493659973,-0.17159005999565125,0.046002648770809174,-0.25745072960853577,0.24075336754322052,0.16540615260601044,0.0023486658465117216,-0.2891992926597595,0.2121237814426422,-0.16803482174873352,0.0010292454389855266,-0.22004544734954834,0.2171209752559662,0.10487231612205505,-0.006876898929476738,-0.004558916203677654,0.11686407774686813,-0.10393621027469635,-0.001550090964883566,0.006560156121850014,0.1385776400566101,0.0763610377907753,-0.024099241942167282,-0.056905098259449005,0.062115591019392014,-0.08590321987867355,0.09087054431438446,-0.13335996866226196,0.09216134250164032,0.1483534425497055,0.23726898431777954,0.21819567680358887,0.013014620169997215,-0.09362196177244186,0.4457891285419464,0.1545639932155609,0.03521326556801796,0.15283866226673126,0.2530631124973297,0.24618151783943176,0.00815083459019661,-0.09405235946178436,0.46573787927627563,0.19540974497795105,0.021169377490878105,0.1860339492559433,0.2315889149904251,0.03169864043593407,0.015139009803533554,-0.1318453550338745,0.4771689474582672,0.01747124455869198,0.030018139630556107,0,0.0,,,,,,,,,,,,,,,,,,,,,,,,,,,,,,,,,,,,,,,,,,,,,,,,,,,,,,,,,,,,,,,,,,,,,,,,,,,,,,,,,,,,,,,,,,,,,,,,,,,,,,,,,,,,,,,,,,,,,,,,,,,,,,,,,,,,,,,,,,,,,,,,,,,,,,,,,,,,,,,,,,,,,,,,
-0.012997489422559738,-0.628732442855835,-0.29523494839668274,0.9995457530021667,0.007320912554860115,-0.6628244519233704,-0.2839866876602173,0.9991701245307922,0.00689651258289814,-0.6624716520309448,-0.28601890802383423,0.9992806315422058,0.0073620653711259365,-0.6624786853790283,-0.28402772545814514,0.9991320967674255,-0.030462000519037247,-0.6647037267684937,-0.2833670675754547,0.9991852045059204,-0.028373096138238907,-0.6653964519500732,-0.28339892625808716,0.9992691874504089,-0.02896396443247795,-0.6644195318222046,-0.2794528603553772,0.9991208910942078,0.08589155226945877,-0.6324762105941772,-0.18860158324241638,0.9992094039916992,-0.06709664314985275,-0.6366451382637024,-0.162798672914505,0.9991112351417542,0.010076259262859821,-0.5944915413856506,-0.2688458263874054,0.9997897148132324,-0.034193284809589386,-0.5937382578849792,-0.2604519724845886,0.9997891783714294,0.17615820467472076,-0.4310169816017151,-0.13809114694595337,0.9994936585426331,-0.150305837392807,-0.4379660487174988,-0.10562089830636978,0.999352753162384,0.23532508313655853,-0.21427050232887268,-0.15148723125457764,0.8745194673538208,-0.18101122975349426,-0.19646359980106354,-0.08795160055160522,0.7810884714126587,0.15486551821231842,-0.0822741836309433,-0.2760085463523865,0.25725850462913513,-0.16664493083953857,-0.048970166593790054,-0.20217657089233398,0.23993448913097382,0.1279778778553009,-0.03835571929812431,-0.3108278214931488,0.20233383774757385,-0.1568940281867981,-0.0018550907261669636,-0.2258533537387848,0.2047911435365677,0.09453783184289932,-0.05538833886384964,-0.3423405587673187,0.27414506673812866,-0.14657671749591827,-0.01258290745317936,-0.25889185070991516,0.26403287053108215,0.12853072583675385,-0.07922977209091187,-0.2947988510131836,0.23913012444972992,-0.15320207178592682,-0.03769822046160698,-0.2203318327665329,0.23980017006397247,0.10517538338899612,-0.0069188568741083145,-0.004553172737360001,0.12483427673578262,-0.10420584678649902,-0.0015510652447119355,0.006559984292834997,0.14292600750923157,0.09843370318412781,-0.025579962879419327,-0.062246911227703094,0.0680798813700676,-0.08627576380968094,0.08828979730606079,-0.12357310205698013,0.09473907947540283,0.15612086653709412,0.2372453361749649,0.18770666420459747,0.013721674680709839,-0.08175577968358994,0.4361012578010559,0.15207159519195557,0.03502713888883591,0.1596992462873459,0.2530500888824463,0.21175935864448547,0.008428266271948814,-0.07706473022699356,0.4536922872066498,0.18929411470890045,0.02098648063838482,0.19775627553462982,0.23123787343502045,-0.0002927615714725107,0.015987146645784378,-0.1044936403632164,0.47197285294532776,0.010840846225619316,0.03030664473772049,1,0.041,,,,,,,,,,,,,,,,,,,,,,,,,,,,,,,,,,,,,,,,,,,,,,,,,,,,,,,,,,,,,,,,,,,,,,,,,,,,,,,,,,,,,,,,,,,,,,,,,,,,,,,,,,,,,,,,,,,,,,,,,,,,,,,,,,,,,,,,,,,,,,,,,,,,,,,,,,,,,,,,,,,,,,,,
-0.013204549439251423,-0.6384989619255066,-0.26591113209724426,0.9995530247688293,0.0062150247395038605,-0.6738458275794983,-0.2533511519432068,0.9991962313652039,0.005719872657209635,-0.6735169887542725,-0.25557568669319153,0.9993000030517578,0.006177420727908611,-0.6735785603523254,-0.25330284237861633,0.9991624355316162,-0.031436022371053696,-0.6754456162452698,-0.2531334459781647,0.9992051124572754,-0.029371000826358795,-0.6761249303817749,-0.2534016966819763,0.999281644821167,-0.029969334602355957,-0.6751794815063477,-0.24931879341602325,0.9991425275802612,0.08399184048175812,-0.6455078125,-0.15558850765228271,0.999231219291687,-0.06992346793413162,-0.6487489342689514,-0.13614892959594727,0.9991418123245239,0.010045565664768219,-0.6043594479560852,-0.2394348829984665,0.9997915625572205,-0.03431590646505356,-0.6035060882568359,-0.23243995010852814,0.9997898936271667,0.1760990172624588,-0.4387473165988922,-0.11257392168045044,0.999484658241272,-0.1547197699546814,-0.4481644034385681,-0.07224692404270172,0.9993118047714233,0.23506349325180054,-0.22009824216365814,-0.15191495418548584,0.8855329155921936,-0.2122061848640442,-0.20223259925842285,-0.0794142410159111,0.7986756563186646,0.10827703028917313,-0.12181004881858826,-0.3100227117538452,0.3271612226963043,-0.15521076321601868,-0.07782985270023346,-0.2170165777206421,0.3071143329143524,0.06372366100549698,-0.08842694759368896,-0.35656020045280457,0.27203425765037537,-0.13480746746063232,-0.036103956401348114,-0.2583625316619873,0.2668696939945221,0.03831151872873306,-0.11851240694522858,-0.36950770020484924,0.33755114674568176,-0.11322273313999176,-0.06619475036859512,-0.2713017165660858,0.3221471607685089,0.08287285268306732,-0.12677784264087677,-0.3216376304626465,0.30493104457855225,-0.1354166716337204,-0.07576029002666473,-0.2279070019721985,0.29937177896499634,0.108090341091156,-0.006606080569326878,-0.004581855610013008,0.15207117795944214,-0.10672889649868011,-0.0018944040639325976,0.006579793058335781,0.16372118890285492,0.12576529383659363,-0.029180999845266342,-0.07449249923229218,0.0747518241405487,-0.10164585709571838,0.034369196742773056,-0.12111901491880417,0.09694284200668335,0.1558387279510498,0.23251423239707947,0.1782999038696289,0.014380913227796555,-0.07419776171445847,0.39970943331718445,0.14331313967704773,0.034194424748420715,0.15950438380241394,0.2471965104341507,0.19984598457813263,0.008700443431735039,-0.06291639804840088,0.4150875210762024,0.17424650490283966,0.020466098561882973,0.19719873368740082,0.22121202945709229,-0.010981203056871891,0.016500435769557953,-0.07410015165805817,0.44369450211524963,-0.014166977256536484,0.029869994148612022,2,0.083,,,,,,,,,,,,,,,,,,,,,,,,,,,,,,,,,,,,,,,,,,,,,,,,,,,,,,,,,,,,,,,,,,,,,,,,,,,,,,,,,,,,,,,,,,,,,,,,,,,,,,,,,,,,,,,,,,,,,,,,,,,,,,,,,,,,,,,,,,,,,,,,,,,,,,,,,,,,,,,,,,,,,,,,
-0.022283222526311874,-0.6321322917938232,-0.26235321164131165,0.999580442905426,-0.004370633978396654,-0.6698831915855408,-0.2514389753341675,0.9992421269416809,-0.004926804453134537,-0.669572114944458,-0.253141850233078,0.9993341565132141,-0.004642594140022993,-0.6695818305015564,-0.25077196955680847,0.9992035627365112,-0.04144681245088577,-0.6719127297401428,-0.251635879278183,0.9992609024047852,-0.03933832794427872,-0.6723158359527588,-0.2526938021183014,0.9993335008621216,-0.04007299244403839,-0.6713135242462158,-0.24865376949310303,0.9992080330848694,0.0728001743555069,-0.6431064605712891,-0.15538029372692108,0.9992645978927612,-0.07998517900705338,-0.6471643447875977,-0.13794690370559692,0.9992148876190186,0.0029127714224159718,-0.6000056266784668,-0.2354222536087036,0.9998042583465576,-0.04206620901823044,-0.5997565388679504,-0.22917649149894714,0.9998064041137695,0.17572353780269623,-0.4380897879600525,-0.10471846908330917,0.9994763135910034,-0.16211949288845062,-0.4532659351825714,-0.07051990926265717,0.9993678331375122,0.21286071836948395,-0.21887317299842834,-0.17887353897094727,0.8968380093574524,-0.2317987084388733,-0.2125295251607895,-0.1286921501159668,0.818601667881012,0.08706783503293991,-0.2677745223045349,-0.35887354612350464,0.39429736137390137,-0.16472147405147552,-0.1837579309940338,-0.34878289699554443,0.3760647177696228,0.040532324463129044,-0.28352853655815125,-0.41768985986709595,0.34357643127441406,-0.13870683312416077,-0.17134921252727509,-0.4102632701396942,0.33790382742881775,0.0385974682867527,-0.34028133749961853,-0.4200153946876526,0.4025806784629822,-0.12315267324447632,-0.2141086757183075,-0.41303637623786926,0.3878094553947449,0.07172852009534836,-0.29671990871429443,-0.367972195148468,0.37313273549079895,-0.14073830842971802,-0.1961144506931305,-0.35744592547416687,0.367410808801651,0.1104886457324028,-0.005324718542397022,-0.003800679463893175,0.2003818303346634,-0.11011283844709396,-0.0020082227420061827,0.004836450796574354,0.2161479890346527,0.12820260226726532,-0.011052226647734642,-0.07799666374921799,0.06921292096376419,-0.129375159740448,0.03638669103384018,-0.0913541316986084,0.09005127102136612,0.1378166675567627,0.2520294487476349,0.18271853029727936,0.013378771021962166,-0.09271412342786789,0.40614718198776245,0.1710050255060196,0.031387992203235626,0.13976842164993286,0.26432231068611145,0.20620335638523102,0.008247118443250656,-0.07744905352592468,0.4168776869773865,0.19359590113162994,0.018894005566835403,0.1652100533246994,0.26678967475891113,0.023606741800904274,0.01526136789470911,-0.0844423845410347,0.48353061079978943,0.004062901716679335,0.027410322800278664,3,0.125,,,,,,,,,,,,,,,,,,,,,,,,,,,,,,,,,,,,,,,,,,,,,,,,,,,,,,,,,,,,,,,,,,,,,,,,,,,,,,,,,,,,,,,,,,,,,,,,,,,,,,,,,,,,,,,,,,,,,,,,,,,,,,,,,,,,,,,,,,,,,,,,,,,,,,,,,,,,,,,,,,,,,,,,
-0.02248767763376236,-0.6169611215591431,-0.2698075771331787,0.9996126294136047,-0.004633513744920492,-0.6557196378707886,-0.2583690285682678,0.9992995262145996,-0.0052106743678450584,-0.6554068326950073,-0.2600761353969574,0.9993815422058105,-0.004899504594504833,-0.6553521156311035,-0.2579343020915985,0.999260663986206,-0.041647668927907944,-0.659220278263092,-0.25885435938835144,0.9993213415145874,-0.039559703320264816,-0.6595635414123535,-0.25941115617752075,0.9993880391120911,-0.04030267894268036,-0.6584811806678772,-0.2553984820842743,0.9992748498916626,0.0734180435538292,-0.6385065913200378,-0.16183900833129883,0.99931401014328,-0.07938413321971893,-0.6462467908859253,-0.14308768510818481,0.9992844462394714,0.0030664410442113876,-0.5863000750541687,-0.24243029952049255,0.9998174905776978,-0.041844531893730164,-0.5878123044967651,-0.2359481006860733,0.9998217821121216,0.17708267271518707,-0.42835840582847595,-0.11060354858636856,0.9994665384292603,-0.16168855130672455,-0.4526534974575043,-0.07816819846630096,0.9994145035743713,0.2013094276189804,-0.1986016184091568,-0.20974990725517273,0.9070127606391907,-0.22859124839305878,-0.21152615547180176,-0.16546109318733215,0.8364753127098083,0.09238196164369583,-0.2865975499153137,-0.40013551712036133,0.4547259211540222,-0.16447249054908752,-0.22454838454723358,-0.3989833891391754,0.43815314769744873,0.04887521639466286,-0.3129670023918152,-0.4523541033267975,0.408242404460907,-0.1413516104221344,-0.22914402186870575,-0.4564943015575409,0.40245240926742554,0.05176117271184921,-0.36574089527130127,-0.44708946347236633,0.46135765314102173,-0.12441031634807587,-0.27341973781585693,-0.4496842324733734,0.4474121928215027,0.08024787157773972,-0.31581035256385803,-0.4062913656234741,0.4347814917564392,-0.14205770194530487,-0.2408292144536972,-0.4038499891757965,0.4289913773536682,0.11206277459859848,-0.004352669231593609,-0.003011322347447276,0.23444463312625885,-0.11173591762781143,-0.0021303303074091673,0.00358261214569211,0.25513824820518494,0.13280418515205383,-0.010559462942183018,-0.07764165848493576,0.0655190646648407,-0.1367022544145584,0.04515700042247772,-0.0877230316400528,0.08573610335588455,0.13711637258529663,0.22779911756515503,0.19388394057750702,0.01250726729631424,-0.09933989495038986,0.37824007868766785,0.17668507993221283,0.028896743431687355,0.13900285959243774,0.23819322884082794,0.21723896265029907,0.007940282113850117,-0.08408346772193909,0.3955620527267456,0.20446011424064636,0.01751316711306572,0.16654005646705627,0.24901080131530762,0.061804987490177155,0.014081152155995369,-0.08678674697875977,0.4513576924800873,0.032905105501413345,0.025084400549530983,4,0.166,0.6439458727836609,0.7057223916053772,-3.6652266999226413e-07,,0.6198779344558716,0.666693925857544,0.0006746543222106993,,0.6036666035652161,0.6259108781814575,-0.005106980446726084,,0.592937707901001,0.6022791266441345,-0.012860110029578209,,0.5867350697517395,0.5886555910110474,-0.020790571346879005,,0.6269621253013611,0.5550712943077087,-0.006877688225358725,,0.5922253727912903,0.5533998012542725,-0.02093702368438244,,0.5811668038368225,0.5857861042022705,-0.030963918194174767,,0.5822737216949463,0.6104982495307922,-0.03626781329512596,,0.6354194283485413,0.5700601935386658,-0.013979408890008926,,0.5971196293830872,0.5752315521240234,-0.02514767274260521,,0.5854487419128418,0.6085855960845947,-0.0301616620272398,,0.5852271914482117,0.6346074342727661,-0.03335612267255783,,0.6403802633285522,0.5948200225830078,-0.02164515107870102,,0.6045623421669006,0.5989212989807129,-0.03149976208806038,,0.5940459370613098,0.628447949886322,-0.030700232833623886,,0.5938501954078674,0.650746762752533,-0.02935260534286499,,0.6411795616149902,0.6256393790245056,-0.029226716607809067,,0.6107423305511475,0.6242290735244751,-0.03567221760749817,,0.6019941568374634,0.6426460146903992,-0.03305495157837868,,0.6016169190406799,0.6570101380348206,-0.03000275045633316,,0.42886072397232056,0.8443177938461304,-1.046997724074572e-07,,0.45123931765556335,0.852066695690155,-0.008532363921403885,,0.4770700931549072,0.8436548709869385,-0.017808960750699043,,0.489127516746521,0.8198646903038025,-0.025696445256471634,,0.4862801730632782,0.799120306968689,-0.032862965017557144,,0.46985557675361633,0.8240442276000977,-0.02919907122850418,,0.47893446683883667,0.7715185284614563,-0.04375109821557999,,0.47322145104408264,0.7878153324127197,-0.04937548562884331,,0.46703827381134033,0.8078012466430664,-0.050619564950466156,,0.45507556200027466,0.8073825836181641,-0.03016817942261696,,0.46739134192466736,0.7502351999282837,-0.04498938471078873,,0.46295636892318726,0.7687295079231262,-0.04750559478998184,,0.4584336578845978,0.791458249092102,-0.046847522258758545,,0.44169917702674866,0.7903258800506592,-0.030979912728071213,,0.45595186948776245,0.7367153167724609,-0.042442504316568375,,0.4535426199436188,0.7510753273963928,-0.039564479142427444,,0.4502553939819336,0.7703536748886108,-0.03499933332204819,,0.43046894669532776,0.7725380063056946,-0.0319058857858181,,0.44493943452835083,0.7281638383865356,-0.03794156387448311,,0.4470437467098236,0.7252500653266907,-0.035285282880067825,,0.4461536109447479,0.7302613854408264,-0.03204686939716339,
-0.02229555882513523,-0.6092153787612915,-0.27341681718826294,0.9996468424797058,-0.00436261435970664,-0.648245632648468,-0.2630821168422699,0.9993611574172974,-0.0049477252177894115,-0.6478976607322693,-0.26485100388526917,0.9994345903396606,-0.004623224027454853,-0.6478104591369629,-0.2626822888851166,0.9993240833282471,-0.04135289415717125,-0.6515612006187439,-0.26290610432624817,0.9993824362754822,-0.03926946222782135,-0.6518749594688416,-0.2636013329029083,0.9994428157806396,-0.04000731557607651,-0.6507419943809509,-0.2595989406108856,0.9993407130241394,0.07378081232309341,-0.6346222758293152,-0.16721652448177338,0.9993723034858704,-0.07865156978368759,-0.6422213912010193,-0.14636661112308502,0.9993515610694885,0.003207251662388444,-0.5787959098815918,-0.2468978464603424,0.9998332858085632,-0.041561566293239594,-0.5801993012428284,-0.2393597960472107,0.9998379349708557,0.17971457540988922,-0.4202975928783417,-0.11448579281568527,0.9994916915893555,-0.16013498604297638,-0.4520666301250458,-0.08155557513237,0.9994645118713379,0.1920919269323349,-0.1907394677400589,-0.21405602991580963,0.9161822199821472,-0.22601200640201569,-0.2108718901872635,-0.1797339767217636,0.8526818156242371,0.09671488404273987,-0.3137432932853699,-0.40023139119148254,0.5091410875320435,-0.15059076249599457,-0.25692325830459595,-0.4098995327949524,0.4941999614238739,0.054918818175792694,-0.3484549820423126,-0.44927605986595154,0.466582328081131,-0.12449692189693451,-0.2719210088253021,-0.4653506577014923,0.4613102972507477,0.061333101242780685,-0.4012076258659363,-0.4425925016403198,0.5143885016441345,-0.10579463839530945,-0.3181452751159668,-0.452298104763031,0.5017814040184021,0.0866863876581192,-0.3445081114768982,-0.40548789501190186,0.49040305614471436,-0.12863393127918243,-0.2759518027305603,-0.4121369421482086,0.4850980043411255,0.11352665722370148,-0.003435263643041253,-0.003064679214730859,0.2697582542896271,-0.11290453374385834,-0.0023334750439971685,0.0035944445990025997,0.2941077649593353,0.1388043612241745,-0.021958408877253532,-0.08568019419908524,0.06265871226787567,-0.139606773853302,0.0234938133507967,-0.08511099219322205,0.08226827532052994,0.14033742249011993,0.20843833684921265,0.20561616122722626,0.011835011653602123,-0.09776608645915985,0.3694460391998291,0.19487598538398743,0.026734068989753723,0.14207996428012848,0.21855586767196655,0.23017190396785736,0.007737120613455772,-0.08128531277179718,0.38819774985313416,0.2284521609544754,0.016346782445907593,0.16827622056007385,0.2159847468137741,0.06478066742420197,0.013079391792416573,-0.08170896768569946,0.4348684251308441,0.053072016686201096,0.023044871166348457,5,0.208,0.6391648650169373,0.6580721735954285,-3.7296160826372216e-07,,0.6133182048797607,0.6206756234169006,0.0014553171349689364,,0.6005433797836304,0.5706857442855835,-0.00017953877977561206,,0.592408299446106,0.538253903388977,-0.005033908411860466,,0.5864681005477905,0.5106552839279175,-0.008788085542619228,,0.6213430762290955,0.4998212456703186,0.008178533986210823,,0.59622722864151,0.46835190057754517,-0.004808478523045778,,0.5841922760009766,0.5016998052597046,-0.014650414697825909,,0.5863062739372253,0.5315670371055603,-0.01935606636106968,,0.6288023591041565,0.5057886242866516,0.001001342199742794,,0.5980908274650574,0.4767892062664032,-0.010573428124189377,,0.5876154899597168,0.512990415096283,-0.01525099016726017,,0.5927172303199768,0.5419936180114746,-0.016017436981201172,,0.6351245641708374,0.5191187262535095,-0.007975596934556961,,0.6034932136535645,0.4956955015659332,-0.017357366159558296,,0.5955733060836792,0.530567467212677,-0.014055188745260239,,0.601209819316864,0.5574870705604553,-0.009616071358323097,,0.6391055583953857,0.5391485095024109,-0.01759214885532856,,0.6118852496147156,0.518755316734314,-0.02182108350098133,,0.6049261093139648,0.5416446924209595,-0.016805721446871758,,0.6095159649848938,0.5624420642852783,-0.011439913883805275,,,,,,,,,,,,,,,,,,,,,,,,,,,,,,,,,,,,,,,,,,,,,,,,,,,,,,,,,,,,,,,,,,,,,,,,,,,,,,,,,,,,,
-0.020730648189783096,-0.598035454750061,-0.2711750864982605,0.9996758103370667,-0.003564372193068266,-0.6377099752426147,-0.26270878314971924,0.9994134902954102,-0.00418408028781414,-0.637326717376709,-0.2644363343715668,0.9994790554046631,-0.0038832949940115213,-0.6372477412223816,-0.2621280252933502,0.9993776679039001,-0.04004450887441635,-0.6403189897537231,-0.2621956169605255,0.9994346499443054,-0.0379602275788784,-0.6406040787696838,-0.2631327509880066,0.9994892477989197,-0.03872588649392128,-0.6394420862197876,-0.2591123878955841,0.9993972182273865,0.0745045468211174,-0.6300458312034607,-0.16973285377025604,0.9994219541549683,-0.07502084225416183,-0.6358224749565125,-0.14748670160770416,0.999410092830658,0.0058048018254339695,-0.5693434476852417,-0.24556763470172882,0.9998469352722168,-0.03845663741230965,-0.570117712020874,-0.23758123815059662,0.9998520016670227,0.18240341544151306,-0.41507771611213684,-0.11015809327363968,0.9995135068893433,-0.15253093838691711,-0.44917985796928406,-0.08122780919075012,0.9995096325874329,0.18333378434181213,-0.18726366758346558,-0.20607513189315796,0.9242904186248779,-0.22276121377944946,-0.20940181612968445,-0.17664657533168793,0.8672274351119995,0.09960608929395676,-0.3363266885280609,-0.37971368432044983,0.558035135269165,-0.13591594994068146,-0.28623658418655396,-0.38231170177459717,0.5446251034736633,0.0609932541847229,-0.3781755864620209,-0.4263564348220825,0.5185098648071289,-0.1113872304558754,-0.3103044927120209,-0.43350332975387573,0.5140201449394226,0.06298193335533142,-0.4304991066455841,-0.42875707149505615,0.561518669128418,-0.09848397225141525,-0.35783305764198303,-0.4227621555328369,0.5503883957862854,0.09089864045381546,-0.36923331022262573,-0.3876132369041443,0.5398077964782715,-0.1168738454580307,-0.3073272407054901,-0.3849469721317291,0.5352123975753784,0.11406686902046204,-0.002260431880131364,-0.0029503300320357084,0.2892937958240509,-0.11333845555782318,-0.003055850276723504,0.0033829298336058855,0.31666481494903564,0.13628675043582916,-0.030837614089250565,-0.08473493158817291,0.05872025713324547,-0.1427970975637436,0.006992049980908632,-0.08168703317642212,0.07769852131605148,0.13720744848251343,0.2115020751953125,0.2171238362789154,0.011187137104570866,-0.09757279604673386,0.379172146320343,0.2118784636259079,0.02474171668291092,0.13868273794651031,0.22291015088558197,0.23828670382499695,0.007392459083348513,-0.08057758212089539,0.39766398072242737,0.2432771772146225,0.015210201032459736,0.15776725113391876,0.2163684368133545,0.05947384983301163,0.012258731760084629,-0.08234692364931107,0.43557170033454895,0.049620620906353,0.02131200209259987,6,0.25,0.6336813569068909,0.6125869750976562,-2.933301459506765e-07,,0.6066740155220032,0.5680307745933533,0.0030221210326999426,,0.5952403545379639,0.5204426050186157,0.002373647876083851,,0.5904493927955627,0.49011433124542236,-0.0019153689499944448,,0.5894339084625244,0.46874192357063293,-0.005496600177139044,,0.6186882853507996,0.46731603145599365,0.011234181933104992,,0.5977417230606079,0.43443435430526733,0.0009362553246319294,,0.5836610794067383,0.45781832933425903,-0.007770485710352659,,0.5834274291992188,0.4818611145019531,-0.012318436987698078,,0.6271051168441772,0.47232577204704285,0.0035202570725232363,,0.6042056679725647,0.4357425272464752,-0.005402002949267626,,0.5896974802017212,0.461487352848053,-0.010376247577369213,,0.5901302695274353,0.48692160844802856,-0.011939885094761848,,0.6336737871170044,0.48373979330062866,-0.005832952447235584,,0.6108526587486267,0.4501085877418518,-0.013002539053559303,,0.597021222114563,0.47413164377212524,-0.011639699339866638,,0.5973755121231079,0.49855586886405945,-0.009003501385450363,,0.6373522877693176,0.5005574822425842,-0.015678761526942253,,0.6176666617393494,0.46903401613235474,-0.018174972385168076,,0.6065130829811096,0.4827583134174347,-0.014041638001799583,,0.6065500974655151,0.503187894821167,-0.009907038882374763,,0.45072537660598755,0.7125417590141296,-1.56715245225314e-08,,0.4735841155052185,0.7061591148376465,-0.008626717142760754,,0.4928545355796814,0.6897432208061218,-0.015942931175231934,,0.5078930258750916,0.6827763319015503,-0.023480381816625595,,0.5134039521217346,0.6689766049385071,-0.03056800179183483,,0.4833929240703583,0.6054527163505554,-0.014824546873569489,,0.4842575192451477,0.5579413771629333,-0.02425800822675228,,0.4821026027202606,0.5263030529022217,-0.0324372872710228,,0.4795624315738678,0.4997188150882721,-0.03849109262228012,,0.46651315689086914,0.6066089868545532,-0.015559686347842216,,0.47588664293289185,0.6216827630996704,-0.028826642781496048,,0.4820491671562195,0.6613052487373352,-0.03507568687200546,,0.4844856858253479,0.6918442249298096,-0.03782431036233902,,0.45214205980300903,0.6201220750808716,-0.016450634226202965,,0.46283698081970215,0.6407607793807983,-0.027721090242266655,,0.47048547863960266,0.6751715540885925,-0.027870316058397293,,0.4737558662891388,0.7033740878105164,-0.026059381663799286,,0.4403049051761627,0.6383698582649231,-0.018298698589205742,,0.45151659846305847,0.6568425297737122,-0.026426246389746666,,0.46032917499542236,0.6831299066543579,-0.02585110068321228,,0.46666860580444336,0.7061944603919983,-0.023535437881946564,
-0.01671486534178257,-0.5947563648223877,-0.2580850422382355,0.9997050166130066,0.0003261142410337925,-0.6345016360282898,-0.2505272924900055,0.9994663000106812,-0.00034950210829265416,-0.6340768933296204,-0.2522011995315552,0.9995249509811401,-9.095798304770142e-05,-0.6340049505233765,-0.24970416724681854,0.9994327425956726,-0.03544201701879501,-0.6371228098869324,-0.2503960132598877,0.9994860887527466,-0.03337528556585312,-0.6373775005340576,-0.251564621925354,0.9995352029800415,-0.034158822149038315,-0.6362097859382629,-0.24751128256320953,0.9994521737098694,0.07678009569644928,-0.6279865503311157,-0.160185769200325,0.9994735717773438,-0.07000813633203506,-0.6341030597686768,-0.1391647905111313,0.9994654655456543,0.009730948135256767,-0.5660474896430969,-0.23282818496227264,0.9998607635498047,-0.03404606133699417,-0.5670193433761597,-0.22516115009784698,0.9998655915260315,0.18394625186920166,-0.4140620827674866,-0.09816189855337143,0.9995452761650085,-0.14541304111480713,-0.44896191358566284,-0.07570362091064453,0.9995525479316711,0.18466174602508545,-0.19038784503936768,-0.2023838609457016,0.9317068457603455,-0.20334124565124512,-0.21335895359516144,-0.17380401492118835,0.8803989291191101,0.10411740839481354,-0.3687746822834015,-0.36608219146728516,0.6021221280097961,-0.10318361222743988,-0.33580681681632996,-0.36295825242996216,0.5900855660438538,0.06710828095674515,-0.4149492681026459,-0.4108828902244568,0.5656394362449646,-0.07513038069009781,-0.36637189984321594,-0.41098684072494507,0.5618770718574524,0.07445529848337173,-0.4639694094657898,-0.3917127549648285,0.6043049097061157,-0.06461641937494278,-0.4142604470252991,-0.405341774225235,0.5945298671722412,0.09235548973083496,-0.401330828666687,-0.36385098099708557,0.5847261548042297,-0.08498317748308182,-0.35842710733413696,-0.36590877175331116,0.5807656645774841,0.11492738872766495,-0.0007552569732069969,-0.003056667745113373,0.3146017789840698,-0.11387237161397934,-0.004045167937874794,0.0034330280032008886,0.34431949257850647,0.13708360493183136,-0.051495783030986786,-0.0915520042181015,0.055274900048971176,-0.1503066122531891,-0.03877028450369835,-0.08395840972661972,0.07361973822116852,0.13439054787158966,0.20960699021816254,0.21738266944885254,0.01061970368027687,-0.0973937138915062,0.3818337619304657,0.21423760056495667,0.02294338122010231,0.13549837470054626,0.21945220232009888,0.2383263260126114,0.007047398015856743,-0.08067624270915985,0.40203002095222473,0.24705372750759125,0.014180806465446949,0.14910835027694702,0.200922891497612,0.04539845511317253,0.011490346863865852,-0.08415723592042923,0.4364084303379059,0.04707151651382446,0.019710639491677284,7,0.291,0.6248815059661865,0.5636379718780518,-2.7002781166629575e-07,,0.59902423620224,0.524857759475708,0.0008832997409626842,,0.5876920223236084,0.47740116715431213,-0.0015882132574915886,,0.5771470665931702,0.44616028666496277,-0.006445992738008499,,0.5668745040893555,0.42237839102745056,-0.010511975735425949,,0.6225863099098206,0.4260925352573395,0.0031279483810067177,,0.6046041250228882,0.38096335530281067,-0.008807660080492496,,0.5819957852363586,0.3850708305835724,-0.018157806247472763,,0.568888247013092,0.3991531729698181,-0.022897500544786453,,0.628871738910675,0.4310842454433441,-0.0032212536316365004,,0.6046664118766785,0.38027864694595337,-0.013598015531897545,,0.580047070980072,0.3885783851146698,-0.019867561757564545,,0.5677222013473511,0.40600866079330444,-0.02276947908103466,,0.63067227602005,0.4425765872001648,-0.01088795531541109,,0.6061214804649353,0.39663538336753845,-0.018945742398500443,,0.5823736190795898,0.4013972878456116,-0.020953893661499023,,0.5694175362586975,0.4143843352794647,-0.020963182672858238,,0.6280324459075928,0.4604087173938751,-0.01896076835691929,,0.6086037158966064,0.42386773228645325,-0.023754118010401726,,0.591004490852356,0.4176541268825531,-0.024234965443611145,,0.5795543193817139,0.4206291139125824,-0.023591380566358566,,0.47113969922065735,0.6542606353759766,-3.194171327436379e-08,,0.4935489296913147,0.6340169310569763,-0.0039001060649752617,,0.5073303580284119,0.6069586873054504,-0.013491465710103512,,0.5169448256492615,0.5917230844497681,-0.024953613057732582,,0.5233047008514404,0.5814914107322693,-0.036215655505657196,,0.4958146810531616,0.5279037356376648,-0.019244443625211716,,0.49740931391716003,0.47127118706703186,-0.032070342451334,,0.49881380796432495,0.4362725019454956,-0.04047031328082085,,0.49953582882881165,0.4084908664226532,-0.046775542199611664,,0.4803030490875244,0.5326312184333801,-0.026365190744400024,,0.5034102201461792,0.546870231628418,-0.04221425577998161,,0.5089430809020996,0.5817012190818787,-0.04524831101298332,,0.5073221325874329,0.5988466143608093,-0.04611586034297943,,0.46785110235214233,0.5538755059242249,-0.033397141844034195,,0.49563145637512207,0.571674108505249,-0.046934738755226135,,0.4994753301143646,0.6000622510910034,-0.04177277162671089,,0.495617538690567,0.6109192371368408,-0.03705678507685661,,0.45848822593688965,0.5834629535675049,-0.041227567940950394,,0.48206138610839844,0.5933061242103577,-0.049922674894332886,,0.4919065833091736,0.6103188991546631,-0.045060329139232635,,0.4949995279312134,0.6180251836776733,-0.04025864228606224,
-0.011974871158599854,-0.593755304813385,-0.24849432706832886,0.9997302889823914,0.00468686455860734,-0.6334287524223328,-0.24079079926013947,0.9995123147964478,0.003985912073403597,-0.6329858303070068,-0.24246618151664734,0.9995646476745605,0.004224912729114294,-0.6329153180122375,-0.2398935854434967,0.9994806051254272,-0.030882466584444046,-0.6359283328056335,-0.2409868985414505,0.9995309114456177,-0.028830086812376976,-0.6361711621284485,-0.2421831339597702,0.9995750188827515,-0.02961941435933113,-0.6350070238113403,-0.23809942603111267,0.9994999766349792,0.08029097318649292,-0.626983106136322,-0.150712251663208,0.9995188117027283,-0.06567387282848358,-0.6326696872711182,-0.13072745501995087,0.999514102935791,0.014671149663627148,-0.5648263692855835,-0.22322200238704681,0.9998728632926941,-0.029075108468532562,-0.5656788349151611,-0.21581371128559113,0.9998774528503418,0.18553785979747772,-0.4142223596572876,-0.08691628277301788,0.9995723366737366,-0.13897942006587982,-0.44796741008758545,-0.07047710567712784,0.9995891451835632,0.18473228812217712,-0.1940489560365677,-0.18725889921188354,0.9383687973022461,-0.18549005687236786,-0.21666023135185242,-0.17075175046920776,0.892252504825592,0.10275746881961823,-0.36702868342399597,-0.3402588367462158,0.6417853236198425,-0.0842784121632576,-0.35473647713661194,-0.3526794910430908,0.6309950351715088,0.06393764168024063,-0.4096296727657318,-0.38204047083854675,0.6078851222991943,-0.05457066744565964,-0.38817349076271057,-0.39892929792404175,0.6048741340637207,0.07608005404472351,-0.45731183886528015,-0.36120274662971497,0.6426136493682861,-0.04761215299367905,-0.4374600350856781,-0.3980509042739868,0.6341559886932373,0.09320694208145142,-0.3983578383922577,-0.33652570843696594,0.6249529123306274,-0.06736067682504654,-0.37851011753082275,-0.35787853598594666,0.6216363906860352,0.1154482364654541,0.00013129133731126785,-0.0029877459164708853,0.3343118727207184,-0.11413850635290146,-0.0045847212895751,0.0033134627155959606,0.3638792634010315,0.1405830979347229,-0.06259549409151077,-0.0953478217124939,0.05236139893531799,-0.1491401493549347,-0.057987187057733536,-0.08597034960985184,0.07009600102901459,0.13359034061431885,0.2094310224056244,0.21754108369350433,0.010191937908530235,-0.09610233455896378,0.38012373447418213,0.21456490457057953,0.021375376731157303,0.13470496237277985,0.2190568596124649,0.2382725179195404,0.006788391619920731,-0.07864530384540558,0.40148648619651794,0.24807046353816986,0.013254662044346333,0.15022167563438416,0.19514523446559906,0.03499411419034004,0.010841818526387215,-0.07933485507965088,0.4315017759799957,0.04515523090958595,0.01828470453619957,8,0.333,0.6189047694206238,0.5557007193565369,-2.6848903189602424e-07,,0.5920813083648682,0.5162346363067627,0.0021129283122718334,,0.5800498723983765,0.4701738953590393,0.0004767189675476402,,0.5695881843566895,0.4389425218105316,-0.003803809406235814,,0.5596128702163696,0.4178435206413269,-0.0077551184222102165,,0.6180517077445984,0.4154096841812134,0.005615656729787588,,0.5970544219017029,0.3809594511985779,-0.005440336652100086,,0.5744156837463379,0.3826194405555725,-0.015420617535710335,,0.5584436655044556,0.3939144015312195,-0.020909946411848068,,0.6240327954292297,0.4193577170372009,-0.0008256612345576286,,0.5973430871963501,0.3771499991416931,-0.009992026723921299,,0.5720987915992737,0.3846481144428253,-0.016759494319558144,,0.5571063160896301,0.3997604548931122,-0.020424211397767067,,0.6251752376556396,0.4297824800014496,-0.008562738075852394,,0.5990232229232788,0.3918835520744324,-0.016611428931355476,,0.5751162767410278,0.3979845941066742,-0.019855964928865433,,0.5606420636177063,0.41098982095718384,-0.020744794979691505,,0.6206181049346924,0.44603821635246277,-0.016481416299939156,,0.5999465584754944,0.4151442050933838,-0.02123025618493557,,0.5821262001991272,0.4127649962902069,-0.02203255519270897,,0.569096028804779,0.4187082350254059,-0.02168586477637291,,0.46978506445884705,0.644097089767456,4.109439544208726e-08,,0.4982313811779022,0.6157617568969727,-0.0006289613666012883,,0.5150920748710632,0.5880658626556396,-0.007359802722930908,,0.527067244052887,0.5717387795448303,-0.01656179688870907,,0.5365965962409973,0.5595658421516418,-0.02614104188978672,,0.49938303232192993,0.5122067928314209,-0.011662307195365429,,0.5066402554512024,0.46154674887657166,-0.022169947624206543,,0.5096903443336487,0.42433875799179077,-0.029533639550209045,,0.5105776786804199,0.3913912773132324,-0.03522162884473801,,0.48409023880958557,0.5188155174255371,-0.019075367599725723,,0.5126775503158569,0.5153244733810425,-0.033068664371967316,,0.5213019251823425,0.5460326075553894,-0.03706856817007065,,0.5184085369110107,0.5667514204978943,-0.03820906579494476,,0.47307834029197693,0.5412982702255249,-0.026114724576473236,,0.5033106207847595,0.546875536441803,-0.03863814100623131,,0.5097875595092773,0.5732168555259705,-0.035353511571884155,,0.5055474042892456,0.5892271399497986,-0.031114468351006508,,0.465724915266037,0.5715785622596741,-0.03351674973964691,,0.4899551570415497,0.5672265887260437,-0.04108589515089989,,0.502307653427124,0.5793435573577881,-0.03696727380156517,,0.5063294768333435,0.5895372033119202,-0.03239673376083374,
-0.010032925754785538,-0.5941950678825378,-0.24947750568389893,0.9997514486312866,0.006960985716432333,-0.6334406137466431,-0.24159575998783112,0.9995505213737488,0.0062773036770522594,-0.6330011487007141,-0.2432628870010376,0.9995966553688049,0.006526998244225979,-0.6329349279403687,-0.24073202908039093,0.9995192885398865,-0.02881241962313652,-0.636090099811554,-0.2423267662525177,0.999569296836853,-0.026750298216938972,-0.6363481283187866,-0.24351583421230316,0.9996090531349182,-0.027527950704097748,-0.6351929903030396,-0.2394709587097168,0.9995412826538086,0.08080757409334183,-0.6266931295394897,-0.14878378808498383,0.9995550513267517,-0.065608911216259,-0.632631242275238,-0.13188526034355164,0.9995567202568054,0.015526472590863705,-0.56516432762146,-0.22311118245124817,0.9998822808265686,-0.028409751132130623,-0.5660759806632996,-0.2167254388332367,0.9998873472213745,0.18446558713912964,-0.41521403193473816,-0.0846940204501152,0.999582052230835,-0.13956402242183685,-0.4488831162452698,-0.07148557901382446,0.999619722366333,0.17752523720264435,-0.20048315823078156,-0.1855228692293167,0.9442523717880249,-0.18405365943908691,-0.2294556051492691,-0.1799716204404831,0.9028770327568054,0.08641191571950912,-0.36941584944725037,-0.3379240930080414,0.6773701310157776,-0.08122406899929047,-0.3698089122772217,-0.3568406105041504,0.6677517890930176,0.0454043447971344,-0.4128091633319855,-0.3809136152267456,0.6451960206031799,-0.050091907382011414,-0.4055539071559906,-0.40459078550338745,0.6431228518486023,0.061716414988040924,-0.4606301784515381,-0.36224889755249023,0.6763613224029541,-0.04394109919667244,-0.4531280994415283,-0.39280080795288086,0.6693000793457031,0.07841619104146957,-0.40069714188575745,-0.33517125248908997,0.660368025302887,-0.06479092687368393,-0.39272892475128174,-0.35775625705718994,0.6578132510185242,0.11576756834983826,0.00012969075760338455,-0.0024216040037572384,0.3489821255207062,-0.11449781060218811,-0.004601935390383005,0.002677073935046792,0.38035786151885986,0.14355233311653137,-0.06165117397904396,-0.08963609486818314,0.04979370906949043,-0.14664405584335327,-0.033819880336523056,-0.08764125406742096,0.06670542061328888,0.1360144466161728,0.20891772210597992,0.2173866629600525,0.009755047038197517,-0.09591684490442276,0.38184526562690735,0.21075446903705597,0.01986176148056984,0.1372596025466919,0.2183004766702652,0.23743706941604614,0.006521879229694605,-0.0786004289984703,0.40295618772506714,0.24409270286560059,0.012377606704831123,0.1567506343126297,0.19670097529888153,0.032455556094646454,0.010271877981722355,-0.0793536901473999,0.4350086450576782,0.03639687970280647,0.01698717661201954,9,0.375,0.6103512048721313,0.5499751567840576,-2.654659567724593e-07,,0.5808463096618652,0.511345386505127,0.001198796322569251,,0.5682253837585449,0.46875786781311035,-0.0011336361058056355,,0.5600769519805908,0.44022804498672485,-0.0061455960385501385,,0.5520756244659424,0.41920197010040283,-0.01050039567053318,,0.6028615236282349,0.41226306557655334,0.006799256429076195,,0.5864052772521973,0.379140168428421,-0.004862475208938122,,0.5633319020271301,0.38673675060272217,-0.015385008417069912,,0.5476888418197632,0.4038313031196594,-0.021085301414132118,,0.6101310849189758,0.4165896773338318,0.0005677765002474189,,0.5874667167663574,0.3778759241104126,-0.009121019393205643,,0.5620099306106567,0.3869064450263977,-0.01643417589366436,,0.5477025508880615,0.4041905105113983,-0.020325470715761185,,0.6131650805473328,0.4267423450946808,-0.007271220441907644,,0.5899544358253479,0.3908790051937103,-0.015741167590022087,,0.5649988055229187,0.39828360080718994,-0.019523663446307182,,0.5504142642021179,0.4136897325515747,-0.020723197609186172,,0.6118600964546204,0.4424343705177307,-0.015376134775578976,,0.5911399722099304,0.41246509552001953,-0.02048269286751747,,0.5721228122711182,0.4134819805622101,-0.02121785655617714,,0.5588897466659546,0.4227539598941803,-0.020704131573438644,,0.4783855676651001,0.6234175562858582,-1.06453548198715e-08,,0.5066545605659485,0.5990889072418213,0.0006769921747036278,,0.5231122374534607,0.5679416656494141,-0.005638479720801115,,0.5365526080131531,0.5512515306472778,-0.014370188117027283,,0.5483831763267517,0.5447729825973511,-0.02342529594898224,,0.5125429034233093,0.4900209307670593,-0.012232914566993713,,0.5184221863746643,0.43566471338272095,-0.022525066509842873,,0.521335244178772,0.4013563394546509,-0.030092811211943626,,0.5228146910667419,0.3711986839771271,-0.03615464270114899,,0.4977830648422241,0.4982154071331024,-0.020593862980604172,,0.5247679948806763,0.48474884033203125,-0.03417099267244339,,0.5351858139038086,0.5151805281639099,-0.038224879652261734,,0.5354225039482117,0.5383402109146118,-0.03975125029683113,,0.4862782061100006,0.5214669108390808,-0.02841191552579403,,0.5165255665779114,0.5158648490905762,-0.039404962211847305,,0.5264820456504822,0.5409115552902222,-0.035712067037820816,,0.525092601776123,0.5594650506973267,-0.031905971467494965,,0.4779108464717865,0.5514201521873474,-0.03651910275220871,,0.5031284689903259,0.5409579873085022,-0.04297572001814842,,0.5154570937156677,0.5513856410980225,-0.03877286985516548,,0.5192879438400269,0.5602846145629883,-0.034853409975767136,
-0.010095370002090931,-0.5946630239486694,-0.24394100904464722,0.9997711181640625,0.006927804555743933,-0.6338080763816833,-0.23568493127822876,0.9995863437652588,0.0062474412843585014,-0.6333679556846619,-0.23732508718967438,0.9996269345283508,0.006500415038317442,-0.6332990527153015,-0.23483315110206604,0.9995556473731995,-0.028880508616566658,-0.6365620493888855,-0.23675504326820374,0.9996049404144287,-0.026818186044692993,-0.6368038058280945,-0.2379220873117447,0.9996407628059387,-0.027593014761805534,-0.635648787021637,-0.23386606574058533,0.9995794892311096,0.08058462291955948,-0.6268655061721802,-0.14098358154296875,0.9995898604393005,-0.06625864654779434,-0.6331466436386108,-0.12568697333335876,0.9995958209037781,0.01518177054822445,-0.5657466053962708,-0.2168455272912979,0.9998912811279297,-0.028839310631155968,-0.5668007135391235,-0.21097566187381744,0.9998965859413147,0.18147073686122894,-0.417892724275589,-0.07816147059202194,0.9995948076248169,-0.14147502183914185,-0.4495334327220917,-0.06531326472759247,0.9996469616889954,0.1743689775466919,-0.20950749516487122,-0.17903462052345276,0.9495328068733215,-0.18253076076507568,-0.2343859076499939,-0.17729200422763824,0.9124051928520203,0.07657523453235626,-0.3739040493965149,-0.3308340609073639,0.7093789577484131,-0.07857666909694672,-0.37633463740348816,-0.354543000459671,0.7008105516433716,0.033985916525125504,-0.41708847880363464,-0.374833881855011,0.6787171363830566,-0.04699857532978058,-0.4142623841762543,-0.40246862173080444,0.6774650812149048,0.05053054913878441,-0.46506235003471375,-0.3562602698802948,0.7066732048988342,-0.042584214359521866,-0.4614320695400238,-0.38960137963294983,0.7008631229400635,0.06848578155040741,-0.4050869643688202,-0.3289509117603302,0.692145586013794,-0.06310171633958817,-0.39969009160995483,-0.3546142876148224,0.6902304291725159,0.11579171568155289,7.103725238266634e-06,-0.002437275368720293,0.36892107129096985,-0.11453107744455338,-0.004519467242062092,0.002687819069251418,0.401476114988327,0.14640483260154724,-0.059165503829717636,-0.08604264259338379,0.04800385981798172,-0.1455838829278946,-0.0270304623991251,-0.08423308283090591,0.06434206664562225,0.1411433219909668,0.20922356843948364,0.22354528307914734,0.009459057822823524,-0.09224304556846619,0.3896745443344116,0.21631544828414917,0.018704362213611603,0.1424313336610794,0.2187831550836563,0.24365243315696716,0.006373533047735691,-0.0756421908736229,0.41168051958084106,0.24834035336971283,0.011751421727240086,0.16075576841831207,0.19848057627677917,0.03949904814362526,0.009837166406214237,-0.0790644958615303,0.45003923773765564,0.03852425515651703,0.015986282378435135,10,0.417,0.600389301776886,0.558070182800293,-2.4001749920898874e-07,,0.5697319507598877,0.520940363407135,0.002647964283823967,,0.5566480159759521,0.47953304648399353,0.0015624905936419964,,0.5510081648826599,0.44890278577804565,-0.002378964563831687,,0.5476945042610168,0.4237211048603058,-0.005644208751618862,,0.5868144035339355,0.42777812480926514,0.008117005228996277,,0.5723859667778015,0.3906156122684479,-0.001974355662241578,,0.5520051717758179,0.395455539226532,-0.01066517736762762,,0.5392135381698608,0.4099912941455841,-0.01518082432448864,,0.5941733121871948,0.43077027797698975,0.0017412555171176791,,0.5740287899971008,0.3906676769256592,-0.006177622824907303,,0.5509546399116516,0.39905691146850586,-0.011562097817659378,,0.5395374894142151,0.41510504484176636,-0.014423627406358719,,0.5980315804481506,0.43934664130210876,-0.006180345546454191,,0.577584981918335,0.40265029668807983,-0.013178362511098385,,0.5543509721755981,0.4109290540218353,-0.015690598636865616,,0.5420992970466614,0.42779844999313354,-0.016442785039544106,,0.5985562801361084,0.4532710611820221,-0.014365688897669315,,0.5804115533828735,0.42517223954200745,-0.018757976591587067,,0.5619024634361267,0.4280644655227661,-0.019394822418689728,,0.5494606494903564,0.4391923248767853,-0.01907232403755188,,0.4900554120540619,0.6140814423561096,6.640653538170227e-08,,0.5157589912414551,0.5927416682243347,-0.001393927843309939,,0.5328245162963867,0.5615810751914978,-0.007519489619880915,,0.546453058719635,0.5438666343688965,-0.015426183119416237,,0.5592347383499146,0.533265233039856,-0.023605935275554657,,0.5196570754051208,0.4887615740299225,-0.0144377201795578,,0.5234152674674988,0.43479955196380615,-0.025655463337898254,,0.5256364941596985,0.3985021710395813,-0.033649276942014694,,0.5264233946800232,0.3678630292415619,-0.03968621790409088,,0.5053013563156128,0.49417245388031006,-0.02092829719185829,,0.5292099118232727,0.4747864902019501,-0.035358354449272156,,0.5443151593208313,0.5023300647735596,-0.04047229886054993,,0.5497546792030334,0.5288204550743103,-0.04231123626232147,,0.4946250319480896,0.5142925977706909,-0.027027489617466927,,0.5223279595375061,0.5071903467178345,-0.039216890931129456,,0.5354980826377869,0.5328671336174011,-0.0375053808093071,,0.5382569432258606,0.5550177097320557,-0.03444146364927292,,0.4869260787963867,0.5414465069770813,-0.033467333763837814,,0.5088362097740173,0.5292433500289917,-0.04242320358753204,,0.5246235728263855,0.5371500849723816,-0.04121677577495575,,0.53377366065979,0.5471358299255371,-0.038783229887485504,
-0.007439198903739452,-0.5973228812217712,-0.24403448402881622,0.9997886419296265,0.010495157912373543,-0.6355576515197754,-0.23521025478839874,0.9996175765991211,0.009835678152740002,-0.6351213455200195,-0.236822709441185,0.9996531009674072,0.010091952048242092,-0.6350515484809875,-0.2343500554561615,0.9995871782302856,-0.025501301512122154,-0.6387068629264832,-0.23697249591350555,0.9996364712715149,-0.023427333682775497,-0.6389427781105042,-0.23815909028053284,0.9996689558029175,-0.024198206141591072,-0.6377865076065063,-0.23411501944065094,0.9996135830879211,0.08095982670783997,-0.6269617080688477,-0.13826662302017212,0.9996197819709778,-0.06617604941129684,-0.6340914964675903,-0.12643900513648987,0.9996308088302612,0.015913130715489388,-0.5675999522209167,-0.21630056202411652,0.9998990893363953,-0.028220077976584435,-0.5691081881523132,-0.2114245891571045,0.9999048113822937,0.17859917879104614,-0.41832008957862854,-0.07527989149093628,0.9996036887168884,-0.1435747742652893,-0.4503518044948578,-0.06604059040546417,0.999671459197998,0.17527711391448975,-0.2087620198726654,-0.1744234412908554,0.9543303847312927,-0.18180295825004578,-0.2362118661403656,-0.18173076212406158,0.9210217595100403,0.080934077501297,-0.36355388164520264,-0.3278614282608032,0.7382239103317261,-0.0789874941110611,-0.3759605884552002,-0.3567788004875183,0.7305920720100403,0.04009588807821274,-0.4057728350162506,-0.3725080192089081,0.7090438008308411,-0.04743649810552597,-0.4137548506259918,-0.40539005398750305,0.708493709564209,0.054522354155778885,-0.4533154368400574,-0.3554469645023346,0.7341117262840271,-0.04324618726968765,-0.4604209065437317,-0.38816699385643005,0.7293831706047058,0.07244908809661865,-0.3943193554878235,-0.3271077871322632,0.7209623456001282,-0.06368525326251984,-0.39904624223709106,-0.35546883940696716,0.7195982336997986,0.11579316109418869,-5.030308784625959e-06,-0.0022566672414541245,0.38566604256629944,-0.11455300450325012,-0.004516866058111191,0.0024581209290772676,0.4189595580101013,0.14645397663116455,-0.05857568979263306,-0.08195997774600983,0.04590153694152832,-0.14438344538211823,-0.02119828388094902,-0.08499092608690262,0.06142675504088402,0.14253486692905426,0.20943686366081238,0.2234383374452591,0.009055235423147678,-0.09060318022966385,0.39011701941490173,0.21611520648002625,0.01744064874947071,0.14386460185050964,0.21931393444538116,0.2434362769126892,0.006134626921266317,-0.07442285865545273,0.4125322997570038,0.24765071272850037,0.011045863851904869,0.16148950159549713,0.20146232843399048,0.04070223867893219,0.009320300072431564,-0.07857584208250046,0.45339274406433105,0.03849164396524429,0.014897477813065052,11,0.458,0.596195638179779,0.5612310767173767,-2.163151151535203e-07,,0.5675271153450012,0.5316165685653687,0.0017892050091177225,,0.5527151226997375,0.4888875186443329,0.0009807507740333676,,0.5441746115684509,0.4608510732650757,-0.002516254549846053,,0.5380919575691223,0.4392056465148926,-0.004921752028167248,,0.5796765089035034,0.43646833300590515,0.006562345661222935,,0.5647075176239014,0.392264187335968,-0.0029914563056081533,,0.5450636744499207,0.40013495087623596,-0.01046476699411869,,0.5366106033325195,0.41815364360809326,-0.0143922483548522,,0.5866789817810059,0.4378134608268738,0.00040577317122370005,,0.5672973394393921,0.3895757496356964,-0.007997319102287292,,0.5449488162994385,0.4015532433986664,-0.01288572046905756,,0.5371568202972412,0.4225061535835266,-0.014817636460065842,,0.5907343029975891,0.445569783449173,-0.0072578806430101395,,0.5706678628921509,0.40134668350219727,-0.013688656501471996,,0.548322856426239,0.40793174505233765,-0.0159359872341156,,0.5388004183769226,0.4255285859107971,-0.016324054449796677,,0.5912215709686279,0.45913833379745483,-0.015320288948714733,,0.5739673972129822,0.4240795373916626,-0.019597535952925682,,0.5558454990386963,0.420146107673645,-0.020686035975813866,,0.5451388359069824,0.42846179008483887,-0.020611466839909554,,0.48854684829711914,0.6218166947364807,5.838646544020776e-08,,0.5168715715408325,0.591934859752655,-0.0009742348920553923,,0.5346456170082092,0.5614041686058044,-0.007977151311933994,,0.5490319728851318,0.5448397397994995,-0.017523543909192085,,0.5615926384925842,0.5326357483863831,-0.027405275031924248,,0.5169152617454529,0.49001312255859375,-0.013109296560287476,,0.5217453241348267,0.4367509186267853,-0.0257360078394413,,0.5228214263916016,0.3997001647949219,-0.03426990658044815,,0.5226836204528809,0.3683731257915497,-0.04069904237985611,,0.502470850944519,0.4985063076019287,-0.021413322538137436,,0.5305444002151489,0.4847593307495117,-0.040825407952070236,,0.5447229146957397,0.5168166756629944,-0.0475316159427166,,0.5498993992805481,0.5459559559822083,-0.04926040396094322,,0.49197420477867126,0.5192417502403259,-0.02963128872215748,,0.5216978788375854,0.5157878994941711,-0.0455881804227829,,0.5343960523605347,0.5429143309593201,-0.04466770216822624,,0.53937166929245,0.5666984915733337,-0.041072193533182144,,0.4850344657897949,0.5477750897407532,-0.03826425224542618,,0.5053861737251282,0.5353975296020508,-0.04893620312213898,,0.5219349265098572,0.5414688587188721,-0.04837857186794281,,0.5349046587944031,0.5527228713035583,-0.04592905566096306,
-0.0040414766408503056,-0.5997962355613708,-0.2380427122116089,0.9998043179512024,0.014132384210824966,-0.6376405954360962,-0.2282952070236206,0.9996463060379028,0.013486241921782494,-0.637209415435791,-0.22987905144691467,0.9996774196624756,0.01374135259538889,-0.6371469497680664,-0.2274017333984375,0.9996166825294495,-0.022017845883965492,-0.64081871509552,-0.23075880110263824,0.999664843082428,-0.019930565729737282,-0.6410605311393738,-0.23195689916610718,0.9996941089630127,-0.02069798670709133,-0.6399036645889282,-0.227905735373497,0.9996440410614014,0.08269698172807693,-0.6273501515388489,-0.1298256516456604,0.9996472597122192,-0.06501790136098862,-0.6346600651741028,-0.12064390629529953,0.9996621012687683,0.018337350338697433,-0.5693508982658386,-0.20986118912696838,0.9999063014984131,-0.02596207894384861,-0.5708779096603394,-0.20577573776245117,0.9999122023582458,0.17814530432224274,-0.4191867709159851,-0.06685083359479904,0.9996166825294495,-0.14387446641921997,-0.45023295283317566,-0.06151987612247467,0.999693751335144,0.17628251016139984,-0.20823577046394348,-0.16522808372974396,0.9586451649665833,-0.1816752552986145,-0.2345643788576126,-0.18005089461803436,0.9287790656089783,0.0837501734495163,-0.36016786098480225,-0.3232552707195282,0.7641921043395996,-0.07896526157855988,-0.36507347226142883,-0.35424932837486267,0.7573885917663574,0.04379170760512352,-0.402126669883728,-0.3690298795700073,0.7364081144332886,-0.047345153987407684,-0.4007239043712616,-0.4039478600025177,0.7363596558570862,0.056344758719205856,-0.4496796727180481,-0.35266822576522827,0.7588796019554138,-0.04306575655937195,-0.44874507188796997,-0.3805108070373535,0.7550003528594971,0.07484002411365509,-0.3908713757991791,-0.3233877122402191,0.7469764947891235,-0.06357347965240479,-0.3883800208568573,-0.35082465410232544,0.7459895014762878,0.11571303755044937,-2.0419432985363528e-05,-0.0020650350488722324,0.4046785235404968,-0.11449036002159119,-0.004494351800531149,0.0022207421716302633,0.4375382661819458,0.14609843492507935,-0.05814614146947861,-0.08181420713663101,0.04352373629808426,-0.143580824136734,-0.016235467046499252,-0.08582068234682083,0.0583718940615654,0.14265263080596924,0.21003937721252441,0.22318343818187714,0.00862756185233593,-0.0888623297214508,0.3905782103538513,0.21450859308242798,0.01627212204039097,0.14401549100875854,0.21955101191997528,0.24314676225185394,0.005909551400691271,-0.0730462372303009,0.4135044515132904,0.24634423851966858,0.010414625518023968,0.1617150902748108,0.2026749551296234,0.04089955985546112,0.00881086103618145,-0.07674338668584824,0.45380353927612305,0.03820056468248367,0.013899759389460087,12,0.5,0.5972095727920532,0.5570356845855713,-1.2274155380964658e-07,,0.571413516998291,0.5336213707923889,-5.0611579354153946e-05,,0.5541837215423584,0.494188129901886,-0.0015937548596411943,,0.5441228747367859,0.4693228602409363,-0.0058080595917999744,,0.5382632613182068,0.4534379839897156,-0.009215354919433594,,0.569767415523529,0.4345717430114746,0.0075393980368971825,,0.5639581084251404,0.38944295048713684,-0.0025091865099966526,,0.5465806126594543,0.38430169224739075,-0.01139817014336586,,0.5352166891098022,0.39165154099464417,-0.016368318349123,,0.5776073336601257,0.4333856403827667,0.0011068496387451887,,0.5724843740463257,0.37878620624542236,-0.008232378400862217,,0.5523645281791687,0.37616583704948425,-0.01446327194571495,,0.5402390360832214,0.3898954391479492,-0.01696917414665222,,0.5853949785232544,0.4379894733428955,-0.007238088175654411,,0.5812070369720459,0.3842407166957855,-0.013926181010901928,,0.5597894191741943,0.37852942943573,-0.016927536576986313,,0.5457716584205627,0.3890218734741211,-0.017502151429653168,,0.5926772356033325,0.44858404994010925,-0.016376441344618797,,0.5848111510276794,0.4035370349884033,-0.020177260041236877,,0.5681951642036438,0.3911784589290619,-0.021135205402970314,,0.555682361125946,0.3930419385433197,-0.0209976639598608,,0.4873887002468109,0.6247502565383911,5.453293283608218e-08,,0.5158657431602478,0.5910118818283081,-0.0010549549479037523,,0.5327229499816895,0.5535479187965393,-0.0068154060281813145,,0.5443665981292725,0.5280164480209351,-0.015114563517272472,,0.5541180372238159,0.507341206073761,-0.02383064478635788,,0.5161926746368408,0.4903251528739929,-0.011778407730162144,,0.5222489833831787,0.4375250041484833,-0.024112628772854805,,0.5239223837852478,0.4006889760494232,-0.031742800027132034,,0.5240614414215088,0.3688771724700928,-0.037160374224185944,,0.5018774271011353,0.4995194971561432,-0.01967177912592888,,0.5285900831222534,0.4819098711013794,-0.039255209267139435,,0.5440588593482971,0.5142794847488403,-0.0457683727145195,,0.5503576397895813,0.5448930859565735,-0.0467822290956974,,0.4914616346359253,0.5204634070396423,-0.02749604918062687,,0.519921064376831,0.5156078338623047,-0.04417923465371132,,0.5325084328651428,0.5451202988624573,-0.04320894926786423,,0.5374553799629211,0.5707360506057739,-0.03892359137535095,,0.48391222953796387,0.5485574007034302,-0.035665325820446014,,0.5034405589103699,0.5361197590827942,-0.04645353555679321,,0.5192394256591797,0.5431694388389587,-0.045632779598236084,,0.5314615368843079,0.5554482936859131,-0.04266113415360451,
-0.003124951384961605,-0.5995811820030212,-0.2370506227016449,0.9998171329498291,0.014834142290055752,-0.6374682784080505,-0.2275753915309906,0.9996702075004578,0.014190137386322021,-0.6370386481285095,-0.2291477620601654,0.9996971487998962,0.014444168657064438,-0.6369760036468506,-0.2266569435596466,0.9996404647827148,-0.02128446102142334,-0.6405149698257446,-0.2298021912574768,0.9996886849403381,-0.019193880259990692,-0.6407626271247864,-0.23101888597011566,0.9997150897979736,-0.019963575527071953,-0.6396082043647766,-0.22695645689964294,0.9996697306632996,0.08340559154748917,-0.6271951198577881,-0.13048982620239258,0.9996698498725891,-0.06423914432525635,-0.6340975761413574,-0.11981982737779617,0.9996892809867859,0.019468002021312714,-0.569250762462616,-0.20924969017505646,0.9999125003814697,-0.02480974979698658,-0.5705972909927368,-0.20475420355796814,0.9999185800552368,0.17824073135852814,-0.4199863076210022,-0.06695394963026047,0.9996275305747986,-0.1436479389667511,-0.4495072364807129,-0.06069367006421089,0.9997141361236572,0.17712517082691193,-0.20897527039051056,-0.16468825936317444,0.9625678658485413,-0.18201376497745514,-0.23394720256328583,-0.178798109292984,0.935776948928833,0.08440399169921875,-0.3638254702091217,-0.3235907256603241,0.787604570388794,-0.08184346556663513,-0.3564143776893616,-0.35260817408561707,0.7815321087837219,0.0440329983830452,-0.4058622419834137,-0.3692423403263092,0.7612292766571045,-0.05118522047996521,-0.39056044816970825,-0.40168315172195435,0.7616251707077026,0.05742950737476349,-0.4549717307090759,-0.3543488383293152,0.7813665866851807,-0.04618695378303528,-0.43980762362480164,-0.38005223870277405,0.7782760262489319,0.0756494551897049,-0.3953563868999481,-0.3242935240268707,0.7705870866775513,-0.0662655159831047,-0.3800811469554901,-0.3500068485736847,0.7699849605560303,0.11564265936613083,-2.1304840629454702e-05,-0.001956091495230794,0.42013826966285706,-0.11442994326353073,-0.0044827694073319435,0.0020659994333982468,0.4525752663612366,0.1458035111427307,-0.05689571052789688,-0.08216975629329681,0.041048113256692886,-0.14298216998577118,-0.01617487519979477,-0.08629383146762848,0.055225569754838943,0.14264142513275146,0.2109290510416031,0.2230633944272995,0.008208348415791988,-0.08788244426250458,0.3910176157951355,0.21378019452095032,0.015163344331085682,0.14404037594795227,0.22018079459667206,0.24264703691005707,0.0056989057920873165,-0.07216857373714447,0.4138837158679962,0.24545395374298096,0.009807830676436424,0.16204671561717987,0.20357319712638855,0.040817294269800186,0.008312655612826347,-0.07423031330108643,0.4532650411128998,0.03783928230404854,0.012943737208843231,13,0.542,0.6001167297363281,0.5480872988700867,9.178247495356118e-08,,0.5763906240463257,0.5258663296699524,-0.004321001935750246,,0.5563077330589294,0.49437808990478516,-0.008220164105296135,,0.541306734085083,0.4741561710834503,-0.012958910316228867,,0.5297103524208069,0.4587777554988861,-0.017625723034143448,,0.5707762837409973,0.420867919921875,0.00063484744168818,,0.5715214014053345,0.37575432658195496,-0.006339919753372669,,0.5655128955841064,0.35438641905784607,-0.013540828600525856,,0.5573009252548218,0.3428605794906616,-0.01846068724989891,,0.5807491540908813,0.4203604459762573,-0.0034007905051112175,,0.5829291343688965,0.3707534074783325,-0.008533472195267677,,0.5764773488044739,0.3469127416610718,-0.013300937600433826,,0.5683057308197021,0.3340156674385071,-0.016706103459000587,,0.5911870002746582,0.4281397759914398,-0.009097871370613575,,0.5931837558746338,0.3808067739009857,-0.013486877083778381,,0.5891385078430176,0.3564799726009369,-0.015317398123443127,,0.5836313366889954,0.3391288220882416,-0.016786210238933563,,0.6006345748901367,0.4433732032775879,-0.01576961949467659,,0.6016862988471985,0.4050464928150177,-0.019412964582443237,,0.5996432304382324,0.3804539144039154,-0.01980438455939293,,0.5971267223358154,0.3591023087501526,-0.01997748389840126,,0.48451921343803406,0.6301653385162354,5.283963488977861e-08,,0.5123473405838013,0.599676251411438,-0.0017611311050131917,,0.5306877493858337,0.5673969388008118,-0.00897281989455223,,0.5464685559272766,0.5502175688743591,-0.01862088032066822,,0.5604261755943298,0.5385583639144897,-0.028600938618183136,,0.5148424506187439,0.4965607821941376,-0.013363867066800594,,0.5195147395133972,0.44134417176246643,-0.025882281363010406,,0.52041095495224,0.40289536118507385,-0.03392430767416954,,0.5195767879486084,0.3701034188270569,-0.03979533538222313,,0.500083863735199,0.5064192414283752,-0.021512560546398163,,0.5261032581329346,0.48800143599510193,-0.04100269451737404,,0.5415950417518616,0.5200453996658325,-0.04746809974312782,,0.5475628972053528,0.5497980713844299,-0.048693910241127014,,0.4892096519470215,0.5280883312225342,-0.02954869158565998,,0.5175091028213501,0.5225540995597839,-0.04552896320819855,,0.5301195383071899,0.5505532026290894,-0.044133834540843964,,0.5344451665878296,0.5745723843574524,-0.039893411099910736,,0.48177605867385864,0.5564111471176147,-0.038086049258708954,,0.5013508796691895,0.5436185598373413,-0.04775703698396683,,0.5167757272720337,0.5496401786804199,-0.04610217735171318,,0.5279901623725891,0.5598604083061218,-0.04287789762020111,
-0.003245757892727852,-0.5962049961090088,-0.23851819336414337,0.9998281598091125,0.01470384281128645,-0.6344934701919556,-0.22919458150863647,0.999690592288971,0.014061669819056988,-0.6340680718421936,-0.23078520596027374,0.9997135400772095,0.014318573288619518,-0.6340072154998779,-0.22830361127853394,0.9996602535247803,-0.02142871543765068,-0.6372639536857605,-0.2312203198671341,0.9997096061706543,-0.019339358434081078,-0.6375342011451721,-0.23241539299488068,0.9997335076332092,-0.020108455792069435,-0.6363847851753235,-0.22835807502269745,0.9996925592422485,0.08325858414173126,-0.6262730956077576,-0.13252730667591095,0.9996880888938904,-0.06454302370548248,-0.6324995756149292,-0.12087519466876984,0.9997135996818542,0.019430045038461685,-0.5671040415763855,-0.21085119247436523,0.9999175667762756,-0.02485596388578415,-0.5680758953094482,-0.2061290591955185,0.9999240636825562,0.1781284362077713,-0.42048144340515137,-0.06914146989583969,0.9996331930160522,-0.14459283649921417,-0.4489963948726654,-0.06135944277048111,0.9997323155403137,0.17730596661567688,-0.21183837950229645,-0.165435329079628,0.966053307056427,-0.18458504974842072,-0.2330205887556076,-0.17851442098617554,0.9420720934867859,0.08237659931182861,-0.37034153938293457,-0.32768717408180237,0.8086401224136353,-0.08248980343341827,-0.35539400577545166,-0.35480397939682007,0.8032534122467041,0.04084426537156105,-0.4129360318183899,-0.37410733103752136,0.7834109663963318,-0.05312688648700714,-0.3901335299015045,-0.4036419093608856,0.7843636274337769,0.054638221859931946,-0.4629320502281189,-0.35817235708236694,0.801452100276947,-0.046721071004867554,-0.4396114647388458,-0.3829517364501953,0.7992337942123413,0.07348175346851349,-0.40221768617630005,-0.32831060886383057,0.7916432619094849,-0.06667536497116089,-0.37911179661750793,-0.35265496373176575,0.7915663123130798,0.11563222110271454,-4.761924355989322e-05,-0.0013203526614233851,0.42741215229034424,-0.11442585289478302,-0.004468272905796766,0.0014133460354059935,0.4601929783821106,0.14555518329143524,-0.056341297924518585,-0.0807693675160408,0.039522092789411545,-0.1426701694726944,-0.014342909678816795,-0.08664946258068085,0.053344205021858215,0.13982927799224854,0.21295194327831268,0.22279199957847595,0.007981735281646252,-0.08890790492296219,0.39133012294769287,0.21336133778095245,0.01434654463082552,0.14119738340377808,0.2223341166973114,0.24250386655330658,0.005596855189651251,-0.07344570010900497,0.4140670597553253,0.24420754611492157,0.009317075833678246,0.16205637156963348,0.20646724104881287,0.040771108120679855,0.00801429059356451,-0.07462016493082047,0.4532060921192169,0.03457583114504814,0.0122397905215621,14,0.583,0.6026297211647034,0.5366364121437073,1.6686463766291126e-07,,0.5787417888641357,0.5155451893806458,-0.0049110474064946175,,0.5605042576789856,0.4854688048362732,-0.00975034013390541,,0.5464823842048645,0.46664959192276,-0.015046263113617897,,0.5338202714920044,0.45567408204078674,-0.0207211896777153,,0.5739663243293762,0.4153392016887665,-0.0043370481580495834,,0.5719720125198364,0.3704334795475006,-0.011888928711414337,,0.5660924315452576,0.34900927543640137,-0.01877479813992977,,0.558296263217926,0.3332120478153229,-0.023570287972688675,,0.5860508680343628,0.41278207302093506,-0.008831989020109177,,0.588556170463562,0.35666975378990173,-0.01440479140728712,,0.5873417854309082,0.3229399621486664,-0.01986478455364704,,0.5847845077514648,0.294830858707428,-0.024068715050816536,,0.5976322889328003,0.42093080282211304,-0.014653924852609634,,0.6032805442810059,0.3687521517276764,-0.02064070664346218,,0.6057610511779785,0.33571869134902954,-0.025097396224737167,,0.6063772439956665,0.30536162853240967,-0.028508590534329414,,0.6078023314476013,0.4380060136318207,-0.021096277981996536,,0.6140478253364563,0.39840564131736755,-0.02599889226257801,,0.617339015007019,0.3716776967048645,-0.02728814259171486,,0.6196455359458923,0.34625691175460815,-0.028411434963345528,,0.48156458139419556,0.6309475898742676,5.804795577546429e-08,,0.5094445943832397,0.6016615033149719,-0.0022535959724336863,,0.5266003012657166,0.5714138150215149,-0.009924763813614845,,0.5408799052238464,0.5563567876815796,-0.019951140508055687,,0.5530145764350891,0.5484919548034668,-0.030237726867198944,,0.5120594501495361,0.49655681848526,-0.013815861195325851,,0.517974317073822,0.4420666992664337,-0.02579554356634617,,0.5183394551277161,0.4047304689884186,-0.03342612832784653,,0.5177276730537415,0.37277671694755554,-0.03910050168633461,,0.4975946843624115,0.5067480802536011,-0.02166358008980751,,0.5245261192321777,0.489797443151474,-0.040225137025117874,,0.5384785532951355,0.5217585563659668,-0.04642006754875183,,0.5442000031471252,0.5508445501327515,-0.04771362617611885,,0.48671627044677734,0.5284497141838074,-0.029387658461928368,,0.5160489678382874,0.5233949422836304,-0.04488717392086983,,0.5277241468429565,0.5518547892570496,-0.04365342855453491,,0.5318506956100464,0.5759587287902832,-0.03962332382798195,,0.47930800914764404,0.556988537311554,-0.037628211081027985,,0.49939072132110596,0.5439392328262329,-0.047001950442790985,,0.5145691633224487,0.551861047744751,-0.045385804027318954,,0.5256326794624329,0.564005970954895,-0.042232904583215714,
-0.0033391881734132767,-0.591352105140686,-0.23661279678344727,0.9998400807380676,0.014578570611774921,-0.6300205588340759,-0.2279806286096573,0.9997127056121826,0.013938183896243572,-0.6295956373214722,-0.22959597408771515,0.999732494354248,0.014197921380400658,-0.6295285820960999,-0.2270933836698532,0.9996827244758606,-0.021562444046139717,-0.6327073574066162,-0.2297150045633316,0.9997311234474182,-0.01947411336004734,-0.6329807639122009,-0.23088692128658295,0.9997525215148926,-0.020240994170308113,-0.631827175617218,-0.2268117368221283,0.9997153282165527,0.0832698792219162,-0.623924970626831,-0.13285493850708008,0.9997098445892334,-0.06439158320426941,-0.6300923824310303,-0.12005544453859329,0.9997373223304749,0.01943792775273323,-0.5634186863899231,-0.20939220488071442,0.9999234676361084,-0.02477889135479927,-0.5643303394317627,-0.2042408138513565,0.9999298453330994,0.17847511172294617,-0.4205293357372284,-0.06996101140975952,0.9996479153633118,-0.1445462852716446,-0.44860777258872986,-0.06127191707491875,0.9997512102127075,0.17824794352054596,-0.21995067596435547,-0.16782966256141663,0.9692306518554688,-0.1846565157175064,-0.23253612220287323,-0.17758876085281372,0.9477506279945374,0.0884619653224945,-0.3884429335594177,-0.33496901392936707,0.8276200294494629,-0.08419869840145111,-0.3550918400287628,-0.35575157403945923,0.8228332996368408,0.047468263655900955,-0.433229923248291,-0.3810574412345886,0.8037145137786865,-0.055125314742326736,-0.3891848921775818,-0.40430986881256104,0.8050702214241028,0.06437161564826965,-0.4818970859050751,-0.3647165596485138,0.8198845386505127,-0.04878290742635727,-0.43723824620246887,-0.38346314430236816,0.8183669447898865,0.0809783935546875,-0.42020758986473083,-0.335487425327301,0.8109872937202454,-0.06840886920690536,-0.37816980481147766,-0.35362979769706726,0.8112919926643372,0.11566898226737976,-3.207387271686457e-05,-0.0013714784290641546,0.44138234853744507,-0.11443634331226349,-0.004473917186260223,0.0014654934639111161,0.4747321307659149,0.14567029476165771,-0.05557626113295555,-0.08620791137218475,0.03802158683538437,-0.14249561727046967,-0.017282404005527496,-0.08709430694580078,0.05154642462730408,0.14053703844547272,0.21322545409202576,0.22095943987369537,0.007764874491840601,-0.08750994503498077,0.3936171531677246,0.21239997446537018,0.013633450493216515,0.14197583496570587,0.22267338633537292,0.24066737294197083,0.0055104997009038925,-0.07188618183135986,0.4164392054080963,0.2433047890663147,0.008936269208788872,0.16224108636379242,0.20597530901432037,0.03648253530263901,0.007703306153416634,-0.0733819529414177,0.4537458121776581,0.03093375451862812,0.011594637297093868,15,0.625,0.6059424877166748,0.524594247341156,2.3501993950958422e-07,,0.5825901627540588,0.5067724585533142,-0.007243466563522816,,0.5632532238960266,0.47158485651016235,-0.012037106789648533,,0.5487222075462341,0.4454112946987152,-0.016773508861660957,,0.5345639586448669,0.43269282579421997,-0.021806055679917336,,0.5789853930473328,0.4025520384311676,-0.006761002354323864,,0.5778828263282776,0.3514271378517151,-0.012661170214414597,,0.5761646628379822,0.3207930624485016,-0.018012914806604385,,0.5742857456207275,0.2942110300064087,-0.02257629670202732,,0.5930652022361755,0.39963191747665405,-0.010011019185185432,,0.5992912650108337,0.3417981266975403,-0.015202424488961697,,0.6022145748138428,0.30625802278518677,-0.020197754725813866,,0.6042120456695557,0.276228666305542,-0.024403495714068413,,0.6057659983634949,0.407842218875885,-0.014536848291754723,,0.6155520677566528,0.35491764545440674,-0.020740991458296776,,0.6215659976005554,0.3231033682823181,-0.025039836764335632,,0.6260260939598083,0.29477548599243164,-0.028488146141171455,,0.616319477558136,0.4246456027030945,-0.019869739189743996,,0.625560998916626,0.3852255046367645,-0.02549167536199093,,0.6314762830734253,0.3593461811542511,-0.027572371065616608,,0.6364611387252808,0.33466431498527527,-0.029357818886637688,,0.479209303855896,0.6287563443183899,5.770319688735981e-08,,0.5075681805610657,0.599216103553772,-0.0014521853299811482,,0.5253177285194397,0.5694910883903503,-0.009162516333162785,,0.540293276309967,0.5550476312637329,-0.019348427653312683,,0.5546221733093262,0.5489199757575989,-0.029801618307828903,,0.5090083479881287,0.49323520064353943,-0.013531816191971302,,0.5161298513412476,0.43967050313949585,-0.025607388466596603,,0.5172296166419983,0.4026225805282593,-0.033384524285793304,,0.5170358419418335,0.37045085430145264,-0.03925469517707825,,0.49438467621803284,0.5033832788467407,-0.021753400564193726,,0.5236916542053223,0.4890340566635132,-0.040543846786022186,,0.5381552577018738,0.52250075340271,-0.04672883823513985,,0.54392409324646,0.5520078539848328,-0.04796914756298065,,0.48406168818473816,0.5252287983894348,-0.029741834849119186,,0.5152016878128052,0.5219282507896423,-0.0453423336148262,,0.5273908376693726,0.5517799258232117,-0.043746668845415115,,0.5317294597625732,0.5760654211044312,-0.039400577545166016,,0.47772401571273804,0.5538858771324158,-0.038166485726833344,,0.498722642660141,0.5412634015083313,-0.047483816742897034,,0.5139885544776917,0.5503518581390381,-0.04544299095869064,,0.5248360633850098,0.5627273917198181,-0.041942089796066284,
-0.003864625468850136,-0.5905134677886963,-0.2328135371208191,0.9998509883880615,0.013804424554109573,-0.6293420791625977,-0.22461019456386566,0.9997329115867615,0.013157409615814686,-0.6289149522781372,-0.22620636224746704,0.9997498989105225,0.013413150794804096,-0.6288456916809082,-0.223685622215271,0.9997033476829529,-0.022176014259457588,-0.6319193243980408,-0.22607791423797607,0.9997508525848389,-0.02008839137852192,-0.6321909427642822,-0.22726856172084808,0.9997701048851013,-0.02085638791322708,-0.6310374736785889,-0.22318050265312195,0.9997363090515137,0.0830799788236618,-0.623561680316925,-0.13134635984897614,0.9997294545173645,-0.06440500915050507,-0.6294152736663818,-0.11699764430522919,0.9997588992118835,0.0192578062415123,-0.5627166628837585,-0.2061695009469986,0.9999287128448486,-0.024877605959773064,-0.5634892582893372,-0.20055845379829407,0.9999350309371948,0.1787537783384323,-0.4207004904747009,-0.06853993237018585,0.9996595978736877,-0.14413820207118988,-0.44821083545684814,-0.059696685522794724,0.9997677206993103,0.1784994751214981,-0.22110338509082794,-0.16791094839572906,0.9720751047134399,-0.1809503436088562,-0.23219412565231323,-0.1769215166568756,0.9528553485870361,0.08899278193712234,-0.3906959891319275,-0.334418386220932,0.8446937203407288,-0.08179125934839249,-0.3577849566936493,-0.3546099364757538,0.8404453992843628,0.04796697571873665,-0.4353116452693939,-0.38031136989593506,0.821863055229187,-0.052814025431871414,-0.39263078570365906,-0.40285247564315796,0.8235900402069092,0.06585827469825745,-0.48408594727516174,-0.36365753412246704,0.8363409042358398,-0.047667134553194046,-0.4401768743991852,-0.38068461418151855,0.8354582786560059,0.08193276077508926,-0.42261987924575806,-0.3347860872745514,0.8282652497291565,-0.06647514551877975,-0.3810172379016876,-0.3519861102104187,0.8289041519165039,0.11568089574575424,-2.2962245566304773e-05,-0.0013624519342556596,0.4530579149723053,-0.11444414407014847,-0.00447959965094924,0.0014546765014529228,0.48615503311157227,0.14542509615421295,-0.05636618658900261,-0.08669200539588928,0.036219604313373566,-0.14283204078674316,-0.018971683457493782,-0.08730559051036835,0.049343157559633255,0.1404918134212494,0.2123114913702011,0.22051334381103516,0.007503682281821966,-0.08765705674886703,0.39366158843040466,0.2118501514196396,0.012863690964877605,0.1419629603624344,0.22153940796852112,0.2400469034910202,0.0053815338760614395,-0.07200933992862701,0.41642892360687256,0.24283072352409363,0.008503136225044727,0.16210269927978516,0.20388349890708923,0.034886281937360764,0.007377925794571638,-0.07359226047992706,0.4535289704799652,0.03020431473851204,0.010932926088571548,16,0.667,0.6036925911903381,0.5262048840522766,2.1017615381424548e-07,,0.580996036529541,0.5073302984237671,-0.007078151218593121,,0.561715841293335,0.473361074924469,-0.011787278577685356,,0.5483141541481018,0.44761380553245544,-0.01642267033457756,,0.5355648398399353,0.43045660853385925,-0.021232668310403824,,0.5759738087654114,0.40205150842666626,-0.00599559023976326,,0.5754458904266357,0.353455513715744,-0.012355666607618332,,0.574853777885437,0.324221134185791,-0.017991412431001663,,0.5744298100471497,0.2994754910469055,-0.022419258952140808,,0.5902307033538818,0.3991085886955261,-0.009101780131459236,,0.5954667925834656,0.3435104191303253,-0.01422197837382555,,0.5994760990142822,0.3090299367904663,-0.019006891176104546,,0.6031559705734253,0.28084176778793335,-0.022933078929781914,,0.603134274482727,0.40683338046073914,-0.013643988408148289,,0.6129882335662842,0.35480260848999023,-0.019804298877716064,,0.6198060512542725,0.3239389657974243,-0.02400045655667782,,0.6252444982528687,0.29738670587539673,-0.027200136333703995,,0.6141192317008972,0.4232298731803894,-0.019002923741936684,,0.6239379644393921,0.3842114210128784,-0.024611324071884155,,0.6307680010795593,0.3595682382583618,-0.02670448273420334,,0.6364356875419617,0.33736100792884827,-0.02830711379647255,,0.48653221130371094,0.6149461269378662,1.9798857664454772e-08,,0.5123972296714783,0.5933154821395874,-0.003166553797200322,,0.5286603569984436,0.5653424263000488,-0.011016527190804482,,0.5430074334144592,0.5511898994445801,-0.020999770611524582,,0.5539188385009766,0.5436099767684937,-0.0312237236648798,,0.5144667625427246,0.4888906478881836,-0.015976911410689354,,0.5192888975143433,0.4327721893787384,-0.02838248945772648,,0.5202064514160156,0.39823830127716064,-0.03649799898266792,,0.5195550918579102,0.36729001998901367,-0.04276159405708313,,0.5001086592674255,0.49758169054985046,-0.02313038520514965,,0.5241256356239319,0.47917577624320984,-0.04114777222275734,,0.538536787033081,0.5121059417724609,-0.046830691397190094,,0.544731616973877,0.5387969613075256,-0.04830390214920044,,0.48921817541122437,0.5181714296340942,-0.030212633311748505,,0.517121434211731,0.5154078602790833,-0.04567199945449829,,0.5296777486801147,0.5476696491241455,-0.04406603053212166,,0.5339314341545105,0.5718610882759094,-0.04022662341594696,,0.48195022344589233,0.5459081530570984,-0.03783658891916275,,0.5026159286499023,0.5353327393531799,-0.048145540058612823,,0.5168094635009766,0.5470709800720215,-0.04686236381530762,,0.5263806581497192,0.5593752264976501,-0.04411126673221588,
-0.005379168316721916,-0.5907537341117859,-0.2312169075012207,0.9998615980148315,0.012168730609118938,-0.6294884085655212,-0.22271686792373657,0.9997522830963135,0.011517503298819065,-0.629063069820404,-0.22430013120174408,0.9997667670249939,0.01177210919559002,-0.6289955377578735,-0.22178326547145844,0.9997232556343079,-0.02384270541369915,-0.6320975422859192,-0.22428710758686066,0.9997696876525879,-0.021755995228886604,-0.6323738694190979,-0.22547824680805206,0.9997870326042175,-0.022520171478390694,-0.6312209963798523,-0.22138114273548126,0.999756395816803,0.08187595754861832,-0.6236655116081238,-0.12872587144374847,0.9997483491897583,-0.06574321538209915,-0.6294598579406738,-0.11469078809022903,0.9997789859771729,0.01798102632164955,-0.562840461730957,-0.20432837307453156,0.9999337196350098,-0.026187147945165634,-0.5636337995529175,-0.19883231818675995,0.9999399185180664,0.1778128743171692,-0.4221201539039612,-0.06683899462223053,0.9996694922447205,-0.14477606117725372,-0.4481492042541504,-0.05611572414636612,0.9997817277908325,0.17746533453464508,-0.22637100517749786,-0.1669221669435501,0.9746387600898743,-0.1814531832933426,-0.23274186253547668,-0.17329975962638855,0.9574323296546936,0.08052688091993332,-0.3914773762226105,-0.3299211263656616,0.8600428104400635,-0.08231250941753387,-0.35979872941970825,-0.35296693444252014,0.8562777638435364,0.036940284073352814,-0.43439847230911255,-0.3750028908252716,0.8380692601203918,-0.05263563245534897,-0.39455339312553406,-0.4015779197216034,0.8401362299919128,0.05403418093919754,-0.4830363094806671,-0.3582375943660736,0.8510205745697021,-0.047644976526498795,-0.44213566184043884,-0.37774473428726196,0.850717306137085,0.07274193316698074,-0.4230019748210907,-0.33011719584465027,0.8436447381973267,-0.06693294644355774,-0.38320106267929077,-0.3496418595314026,0.8445705771446228,0.11566901952028275,-0.00018537850701250136,-0.0015742602990940213,0.46401309967041016,-0.1144351214170456,-0.004353494383394718,0.0016660046530887485,0.4964759349822998,0.14528799057006836,-0.05753130465745926,-0.08669167757034302,0.03517751395702362,-0.14270004630088806,-0.018328482285141945,-0.086248017847538,0.047918375581502914,0.14114855229854584,0.2112407088279724,0.22048646211624146,0.007409228477627039,-0.0870673730969429,0.3931286036968231,0.21396774053573608,0.012291722930967808,0.1426597684621811,0.22047848999500275,0.24005304276943207,0.0053435442969202995,-0.07147116959095001,0.4157705008983612,0.24514777958393097,0.008203842677175999,0.16244100034236908,0.20305469632148743,0.034684304147958755,0.007196341175585985,-0.07378674298524857,0.45349517464637756,0.031948644667863846,0.010444525629281998,17,0.709,0.5955992937088013,0.5318992137908936,2.0183048832222994e-07,,0.5710012912750244,0.5113334059715271,-0.007777487393468618,,0.5492445826530457,0.4759480655193329,-0.012462963350117207,,0.5344806909561157,0.44820791482925415,-0.01689998246729374,,0.5242940783500671,0.4247552156448364,-0.02124256268143654,,0.5689862370491028,0.4060629606246948,-0.005425537005066872,,0.5696706175804138,0.3563045561313629,-0.012017329223453999,,0.5704368352890015,0.32748886942863464,-0.018086550757288933,,0.5710085034370422,0.30355483293533325,-0.02255965583026409,,0.5824093222618103,0.40541350841522217,-0.007876547984778881,,0.5877333879470825,0.3504258990287781,-0.012931321747601032,,0.5909850001335144,0.3178321421146393,-0.01762397401034832,,0.5940728187561035,0.2910957336425781,-0.021386805921792984,,0.5948706269264221,0.4131380319595337,-0.011934176087379456,,0.6035779714584351,0.3606502115726471,-0.017678705975413322,,0.6098906993865967,0.32990512251853943,-0.021261338144540787,,0.6155828237533569,0.3040166199207306,-0.023953046649694443,,0.6058260202407837,0.42915529012680054,-0.01696367748081684,,0.6150103807449341,0.3888572156429291,-0.02247665822505951,,0.6223156452178955,0.36431819200515747,-0.024190548807382584,,0.629058301448822,0.3433162569999695,-0.025274692103266716,,0.4887588918209076,0.6218503713607788,4.5459589870233685e-08,,0.5159932971000671,0.5958902835845947,-0.0014221537858247757,,0.5333411693572998,0.5646621584892273,-0.00798569805920124,,0.5476484894752502,0.5468815565109253,-0.017001839354634285,,0.5584158301353455,0.5365883708000183,-0.026562277227640152,,0.5177993178367615,0.4917856752872467,-0.013477426953613758,,0.5225240588188171,0.43573465943336487,-0.025600627064704895,,0.5235537886619568,0.39761725068092346,-0.033057089895009995,,0.5232291221618652,0.36534735560417175,-0.038413383066654205,,0.5033972859382629,0.5004839897155762,-0.021459905430674553,,0.5290950536727905,0.4816223978996277,-0.04068897292017937,,0.5430341362953186,0.5139700770378113,-0.04668153449892998,,0.5477445721626282,0.5440458655357361,-0.04743465781211853,,0.4922564625740051,0.5209577083587646,-0.029264608398079872,,0.5198659896850586,0.5142899751663208,-0.045534875243902206,,0.5322633981704712,0.5431770086288452,-0.04423241689801216,,0.5364258289337158,0.5680924654006958,-0.03978310525417328,,0.4842946231365204,0.5486156940460205,-0.03742425888776779,,0.5037088394165039,0.5348813533782959,-0.047729529440402985,,0.5192106366157532,0.5412634015083313,-0.046365272253751755,,0.5302233099937439,0.5520443320274353,-0.04314601048827171,
-0.011043540202081203,-0.5903341770172119,-0.2315065711736679,0.999871551990509,0.0066446284763514996,-0.6291303634643555,-0.2230546623468399,0.9997703433036804,0.0059888605028390884,-0.6286970376968384,-0.22464121878147125,0.9997827410697937,0.006246170494705439,-0.6286218762397766,-0.22211846709251404,0.9997421503067017,-0.029633332043886185,-0.6317664980888367,-0.22436653077602386,0.9997872114181519,-0.02756362594664097,-0.6320368051528931,-0.2255644053220749,0.999802827835083,-0.028330756351351738,-0.6308864951133728,-0.2214653491973877,0.9997749328613281,0.0798383429646492,-0.6231270432472229,-0.1292182058095932,0.99976646900177,-0.06876098364591599,-0.629120945930481,-0.11383557319641113,0.9997974038124084,0.014033377170562744,-0.5623254776000977,-0.20469000935554504,0.9999384880065918,-0.03043181821703911,-0.5631742477416992,-0.1988494098186493,0.9999445080757141,0.1774645894765854,-0.42169198393821716,-0.06742942333221436,0.9996771216392517,-0.14556142687797546,-0.44801512360572815,-0.05486821383237839,0.9997950196266174,0.1698755919933319,-0.22600126266479492,-0.16705487668514252,0.976936399936676,-0.18140463531017303,-0.23480217158794403,-0.17219823598861694,0.9615650177001953,0.0629761591553688,-0.39020222425460815,-0.3257195055484772,0.8738523125648499,-0.07987873256206512,-0.37010592222213745,-0.35019561648368835,0.8705361485481262,0.016920728608965874,-0.4337107241153717,-0.3699771761894226,0.8525632619857788,-0.04889487102627754,-0.4066111147403717,-0.3982810974121094,0.85501629114151,0.03458596393465996,-0.4826105833053589,-0.3520493805408478,0.8641179800033569,-0.04402681067585945,-0.4532945156097412,-0.3731129765510559,0.8644062876701355,0.05482218414545059,-0.4220404624938965,-0.325122207403183,0.8573985695838928,-0.0643363893032074,-0.3934677243232727,-0.3464072346687317,0.8586689233779907,0.11588933318853378,-0.00021608523093163967,-0.0018173884600400925,0.467068076133728,-0.11460940539836884,-0.0043229893781244755,0.001904645236209035,0.5008060932159424,0.14546360075473785,-0.07149149477481842,-0.09116224199533463,0.033944983035326004,-0.14391431212425232,-0.03301520273089409,-0.08858910948038101,0.0462031215429306,0.14124982059001923,0.20141585171222687,0.2185843139886856,0.007247394882142544,-0.08758046478033066,0.38787350058555603,0.21377407014369965,0.011663331650197506,0.1427493691444397,0.2103574573993683,0.23818515241146088,0.005250424146652222,-0.07195855677127838,0.4102609157562256,0.24527274072170258,0.007849412970244884,0.16235892474651337,0.19052504003047943,0.027462812140583992,0.006947506219148636,-0.07507075369358063,0.4472101628780365,0.030719775706529617,0.009883430786430836,18,0.75,0.5902037620544434,0.5443642735481262,2.050276606269108e-07,,0.5656940937042236,0.5156553983688354,-0.003062167437747121,,0.5483006834983826,0.4698753356933594,-0.005926359444856644,,0.5402460098266602,0.4299355447292328,-0.009268061257898808,,0.536030650138855,0.398470401763916,-0.01241732481867075,,0.5535555481910706,0.42477548122406006,-0.003163369372487068,,0.5575125813484192,0.3712391257286072,-0.010467278771102428,,0.561863124370575,0.3383224606513977,-0.016474198549985886,,0.5660358667373657,0.31246474385261536,-0.020527325570583344,,0.5650580525398254,0.42438626289367676,-0.007037955801934004,,0.5698506832122803,0.3649772107601166,-0.012891789898276329,,0.5751162767410278,0.33002614974975586,-0.017414798960089684,,0.5807310342788696,0.3027690649032593,-0.020566361024975777,,0.5781421661376953,0.43119460344314575,-0.011858240701258183,,0.5847651958465576,0.37453967332839966,-0.017784353345632553,,0.5909063816070557,0.3413996696472168,-0.020676344633102417,,0.5968311429023743,0.3150877356529236,-0.022621389478445053,,0.5920065641403198,0.44569945335388184,-0.017120487987995148,,0.6006412506103516,0.4036581516265869,-0.022314690053462982,,0.6070078015327454,0.37730056047439575,-0.02344127930700779,,0.6128893494606018,0.35484540462493896,-0.023846233263611794,,0.49251309037208557,0.6171535849571228,6.858066825543574e-08,,0.5215310454368591,0.5890109539031982,-0.0014630657387897372,,0.5398080945014954,0.5589568018913269,-0.008369799703359604,,0.5540817975997925,0.5420300364494324,-0.017802663147449493,,0.5655959844589233,0.5286182761192322,-0.02764696627855301,,0.52327561378479,0.4886084794998169,-0.013292649760842323,,0.529021143913269,0.43407484889030457,-0.025153005495667458,,0.5306023955345154,0.39707642793655396,-0.03244616836309433,,0.5313615202903748,0.3646988272666931,-0.03776097670197487,,0.5090118050575256,0.49626272916793823,-0.020986834540963173,,0.5368688702583313,0.48054009675979614,-0.03931473195552826,,0.5512091517448425,0.5111457705497742,-0.04512973502278328,,0.5571433305740356,0.5393702387809753,-0.04618095979094505,,0.4982624053955078,0.5157813429832458,-0.02848932147026062,,0.5280984044075012,0.5121088624000549,-0.04385139048099518,,0.5383754968643188,0.5409361720085144,-0.04217898100614548,,0.5416659712791443,0.5649460554122925,-0.037918318063020706,,0.49094823002815247,0.5420381426811218,-0.03642825409770012,,0.5113963484764099,0.5299028158187866,-0.04616418853402138,,0.525589108467102,0.5366741418838501,-0.04457155242562294,,0.5360042452812195,0.5472174286842346,-0.04136738181114197,
-0.010993745177984238,-0.5911049246788025,-0.22970522940158844,0.9998780488967896,0.006749063264578581,-0.6296944618225098,-0.22074204683303833,0.9997827410697937,0.006098284386098385,-0.6292617917060852,-0.22229252755641937,0.9997929930686951,0.006351987365633249,-0.6291903257369995,-0.21977810561656952,0.999754786491394,-0.02956964820623398,-0.6324259042739868,-0.22234119474887848,0.9997994899749756,-0.02749805897474289,-0.6326912045478821,-0.22356818616390228,0.9998134970664978,-0.0282693300396204,-0.6315430998802185,-0.2194751650094986,0.9997880458831787,0.07984446734189987,-0.6231899857521057,-0.12484879791736603,0.9997791647911072,-0.06894677132368088,-0.6293646097183228,-0.11110913753509521,0.9998115301132202,0.014016774483025074,-0.5628138780593872,-0.20216092467308044,0.9999418258666992,-0.030483709648251534,-0.5637574195861816,-0.19677796959877014,0.9999478459358215,0.17625878751277924,-0.42208191752433777,-0.06383352726697922,0.999685525894165,-0.1464671641588211,-0.4479890763759613,-0.051406245678663254,0.9998061656951904,0.1687534898519516,-0.2214231640100479,-0.16185659170150757,0.979046106338501,-0.18158015608787537,-0.23458924889564514,-0.16728012263774872,0.9652906656265259,0.06142294034361839,-0.3811815083026886,-0.31726643443107605,0.8863018155097961,-0.07980342209339142,-0.36689430475234985,-0.34297919273376465,0.8833611011505127,0.01666339486837387,-0.4246881902217865,-0.36399227380752563,0.8657541871070862,-0.048562124371528625,-0.40223270654678345,-0.39205336570739746,0.8683294653892517,0.03232107311487198,-0.47461211681365967,-0.3465394377708435,0.8760562539100647,-0.04348127543926239,-0.4493803083896637,-0.3676717281341553,0.876626193523407,0.05274752527475357,-0.41353124380111694,-0.3171422779560089,0.8699616193771362,-0.06418859958648682,-0.39008477330207825,-0.3397733271121979,0.8713036179542542,0.11586929857730865,-0.00023511765175499022,-0.002038499340415001,0.47979816794395447,-0.1145995557308197,-0.004262017551809549,0.002077913610264659,0.5131193995475769,0.14577051997184753,-0.06999856978654861,-0.09123090654611588,0.0324944332242012,-0.14352640509605408,-0.031698595732450485,-0.08872199803590775,0.04414266347885132,0.1418127864599228,0.20315206050872803,0.21705332398414612,0.006964019499719143,-0.08645868301391602,0.38941261172294617,0.21352975070476532,0.011013183742761612,0.14339591562747955,0.21219483017921448,0.23647207021713257,0.005094609688967466,-0.07121942192316055,0.41258570551872253,0.24503767490386963,0.00751939183101058,0.16242259740829468,0.19697481393814087,0.028072860091924667,0.006623829249292612,-0.07502902299165726,0.44937610626220703,0.03114255517721176,0.009321178309619427,19,0.792,0.5836148858070374,0.5758758783340454,2.404068197847664e-07,,0.5564079284667969,0.553385317325592,-0.0015530523378401995,,0.5362477898597717,0.5160810947418213,-0.0045089381746947765,,0.5244258046150208,0.48836126923561096,-0.00834635365754366,,0.5147283673286438,0.4670354723930359,-0.013071601279079914,,0.5374822616577148,0.46810564398765564,-0.007398153655230999,,0.5314038991928101,0.4098692834377289,-0.015845397487282753,,0.5283991098403931,0.3732879161834717,-0.021778682246804237,,0.5258138179779053,0.3421589434146881,-0.026249665766954422,,0.5490469932556152,0.4655734896659851,-0.013336154632270336,,0.5478060245513916,0.3995959758758545,-0.021664362400770187,,0.5478829145431519,0.3574375510215759,-0.02808106690645218,,0.5488163232803345,0.3223958909511566,-0.032819923013448715,,0.5619916319847107,0.47276589274406433,-0.0197369996458292,,0.5664687752723694,0.41127505898475647,-0.02852802164852619,,0.569950520992279,0.3729404807090759,-0.034415289759635925,,0.5724342465400696,0.33982107043266296,-0.03860590234398842,,0.5763545632362366,0.48713594675064087,-0.02613585628569126,,0.5834155082702637,0.4432597756385803,-0.034782107919454575,,0.5885045528411865,0.414961576461792,-0.03840744122862816,,0.5927832126617432,0.38835078477859497,-0.04081710800528526,,0.49273738265037537,0.6339107751846313,3.779915047630311e-08,,0.521915853023529,0.6028932929039001,-0.0003481714229565114,,0.536642849445343,0.570309579372406,-0.006990754045546055,,0.5450462698936462,0.5462527275085449,-0.01603245921432972,,0.5505394339561462,0.5255287885665894,-0.02571582980453968,,0.5218454599380493,0.5033820867538452,-0.015477740205824375,,0.5282270908355713,0.44609200954437256,-0.027714120224118233,,0.5299196243286133,0.4060911238193512,-0.035096488893032074,,0.5304319262504578,0.37214750051498413,-0.040484171360731125,,0.5079973936080933,0.5121141076087952,-0.02357056736946106,,0.5378383994102478,0.4998762607574463,-0.04075080156326294,,0.5502092838287354,0.5283088088035583,-0.04576941207051277,,0.5549437403678894,0.55275559425354,-0.047196224331855774,,0.49721279740333557,0.5340075492858887,-0.031246822327375412,,0.5278391242027283,0.5301472544670105,-0.046093959361314774,,0.5374152660369873,0.5550822019577026,-0.04379384592175484,,0.5407734513282776,0.5764442086219788,-0.04002213478088379,,0.48947423696517944,0.5632412433624268,-0.039180099964141846,,0.5099750757217407,0.5480534434318542,-0.04907503351569176,,0.5252289175987244,0.551142156124115,-0.04747167229652405,,0.5379406809806824,0.5591093301773071,-0.04468051344156265,
-0.014309333637356758,-0.5877865552902222,-0.23002319037914276,0.9998833537101746,0.0033743588719516993,-0.6268092393875122,-0.22097530961036682,0.9997930526733398,0.002735261805355549,-0.6263786554336548,-0.22251060605049133,0.999801516532898,0.002988432301208377,-0.6263118386268616,-0.21999511122703552,0.9997652173042297,-0.03309198096394539,-0.6296463012695312,-0.22259342670440674,0.9998095631599426,-0.03102043829858303,-0.6299157738685608,-0.22380171716213226,0.9998220801353455,-0.031799837946891785,-0.6287721395492554,-0.21970753371715546,0.999798595905304,0.07812298834323883,-0.6222427487373352,-0.12534251809120178,0.9997901320457458,-0.07126247882843018,-0.628830075263977,-0.1115494817495346,0.9998235106468201,0.011525599285960197,-0.5604307651519775,-0.20255789160728455,0.9999447464942932,-0.03310787305235863,-0.5615121126174927,-0.19719918072223663,0.9999507069587708,0.17598937451839447,-0.4220954179763794,-0.0640946626663208,0.9996924996376038,-0.1474350541830063,-0.44823628664016724,-0.050987232476472855,0.9998165369033813,0.1664746105670929,-0.21726815402507782,-0.16212593019008636,0.9809354543685913,-0.18281574547290802,-0.23456162214279175,-0.16380493342876434,0.968627393245697,0.058766257017850876,-0.374246746301651,-0.31769031286239624,0.8975014686584473,-0.0800778940320015,-0.36583778262138367,-0.34195682406425476,0.8948978781700134,0.01433179434388876,-0.4166153073310852,-0.3643670976161957,0.8776401281356812,-0.049062371253967285,-0.40117695927619934,-0.3914888799190521,0.8803009390830994,0.0297278743237257,-0.4666748642921448,-0.34747570753097534,0.8868303894996643,-0.044006820768117905,-0.4475567936897278,-0.3676287829875946,0.8876135349273682,0.05016184598207474,-0.4066944122314453,-0.3178558647632599,0.8812843561172485,-0.06457772105932236,-0.3886431157588959,-0.33912014961242676,0.8826570510864258,0.1159702017903328,-0.00024206328089348972,-0.002616825280711055,0.4864356517791748,-0.11472146958112717,-0.0042500863783061504,0.002613197546452284,0.5202686786651611,0.14585241675376892,-0.06853114068508148,-0.09224743396043777,0.0313231498003006,-0.14346295595169067,-0.03081061691045761,-0.09025733917951584,0.04251427203416824,0.14284075796604156,0.20366771519184113,0.21272589266300201,0.006739661563187838,-0.0861266702413559,0.3900669813156128,0.21283972263336182,0.010449784807860851,0.1445557177066803,0.21274815499782562,0.23179326951503754,0.004951775539666414,-0.0710143968462944,0.413377046585083,0.24422386288642883,0.007229358423501253,0.16258515417575836,0.1975056380033493,0.026325834915041924,0.006353697273880243,-0.07512040436267853,0.45045575499534607,0.030586713925004005,0.008826520293951035,20,0.834,0.582413375377655,0.5836902260780334,2.6339503733652236e-07,,0.5548866391181946,0.5612005591392517,-0.0010756402043625712,,0.5347565412521362,0.5222197771072388,-0.003989817574620247,,0.5251128077507019,0.4880088269710541,-0.0076285311952233315,,0.518546462059021,0.45936644077301025,-0.012122055515646935,,0.5361449122428894,0.4788520038127899,-0.008916481398046017,,0.5294150710105896,0.4182511270046234,-0.01750306226313114,,0.525650143623352,0.38072100281715393,-0.023356134071946144,,0.5221339464187622,0.3486015200614929,-0.02788512408733368,,0.5470384359359741,0.47686895728111267,-0.015205027535557747,,0.5462424159049988,0.40557101368904114,-0.02324797958135605,,0.5463592410087585,0.36150026321411133,-0.029268192127346992,,0.5471962690353394,0.3251015841960907,-0.034007564187049866,,0.5596776008605957,0.4846450090408325,-0.021740557625889778,,0.5643690824508667,0.41939711570739746,-0.030461743474006653,,0.5679652094841003,0.3785898685455322,-0.03587622940540314,,0.5705526471138,0.3437309265136719,-0.040052998811006546,,0.5737069845199585,0.4996631145477295,-0.02818944863975048,,0.5811708569526672,0.453813761472702,-0.03696131706237793,,0.5867218971252441,0.4240616261959076,-0.04026055708527565,,0.5911721587181091,0.39714646339416504,-0.04259123653173447,,0.488564133644104,0.6413674354553223,2.776559959727365e-08,,0.5190586447715759,0.605738639831543,0.0017232995014637709,,0.5338125824928284,0.5708333849906921,-0.003721955232322216,,0.5412722826004028,0.5433992147445679,-0.012272411957383156,,0.5452132225036621,0.5193228721618652,-0.02168956585228443,,0.5203472971916199,0.5114814639091492,-0.012554268352687359,,0.5275213718414307,0.4595315456390381,-0.024758517742156982,,0.5298069715499878,0.4230363667011261,-0.03225051239132881,,0.5307376384735107,0.39028775691986084,-0.03777607902884483,,0.5061224102973938,0.5194764733314514,-0.021683217957615852,,0.5358669757843018,0.510087251663208,-0.039549943059682846,,0.5493610501289368,0.5380388498306274,-0.045198168605566025,,0.5554018020629883,0.5625757575035095,-0.046941936016082764,,0.4951115548610687,0.5400526523590088,-0.030390605330467224,,0.5258697867393494,0.5380300879478455,-0.046400222927331924,,0.53725665807724,0.5641624927520752,-0.045161474496126175,,0.5426692366600037,0.5874319076538086,-0.04167945683002472,,0.487333744764328,0.5678171515464783,-0.03913286328315735,,0.5085178017616272,0.5549614429473877,-0.0501461885869503,,0.5247852802276611,0.5608375072479248,-0.04951511323451996,,0.5385277271270752,0.5712529420852661,-0.047124169766902924,
-0.014199407771229744,-0.5879425406455994,-0.23036031424999237,0.9998887777328491,0.003473981749266386,-0.626932680606842,-0.2213744819164276,0.9998035430908203,0.002834466751664877,-0.6265016198158264,-0.2229156792163849,0.9998103380203247,0.003088691271841526,-0.626434862613678,-0.2204035222530365,0.9997758865356445,-0.032971374690532684,-0.6297346949577332,-0.22293271124362946,0.9998198747634888,-0.0308995358645916,-0.6300064921379089,-0.22414043545722961,0.9998310804367065,-0.031677622348070145,-0.6288650035858154,-0.22004817426204681,0.9998095631599426,0.07823605835437775,-0.6222470998764038,-0.1257057934999466,0.9998003840446472,-0.07122571766376495,-0.6289584636688232,-0.11155417561531067,0.9998350143432617,0.011559315957129002,-0.5605323314666748,-0.20287740230560303,0.9999472498893738,-0.03308168798685074,-0.5615795850753784,-0.1974475234746933,0.9999532699584961,0.17592905461788177,-0.42211270332336426,-0.06445518881082535,0.999695360660553,-0.147592231631279,-0.4482032358646393,-0.049579180777072906,0.9998241662979126,0.16633054614067078,-0.21569673717021942,-0.16205546259880066,0.9825910925865173,-0.18314047157764435,-0.2341568022966385,-0.1607847660779953,0.9715906977653503,0.0580521896481514,-0.3722326159477234,-0.3178790807723999,0.9075496196746826,-0.08039076626300812,-0.36417874693870544,-0.34179726243019104,0.9052414894104004,0.01346161961555481,-0.41488808393478394,-0.364633709192276,0.8881828188896179,-0.04957524687051773,-0.40048277378082275,-0.391467422246933,0.8908648490905762,0.028691653162240982,-0.4658885896205902,-0.3481553792953491,0.8963791131973267,-0.04467197135090828,-0.4466368854045868,-0.36774906516075134,0.8973191380500793,0.04942333698272705,-0.405048668384552,-0.31827500462532043,0.891279935836792,-0.0649525597691536,-0.38773196935653687,-0.3390917181968689,0.8926279544830322,0.11589908599853516,-0.00035924106487073004,-0.0027473000809550285,0.4918164610862732,-0.11467448621988297,-0.004147530999034643,0.002740122377872467,0.5254472494125366,0.14601026475429535,-0.06761526316404343,-0.0909622460603714,0.030292008072137833,-0.142722949385643,-0.025377629324793816,-0.08807194977998734,0.041082289069890976,0.14363032579421997,0.2038428783416748,0.21531638503074646,0.0065770503133535385,-0.0853601023554802,0.39055997133255005,0.21436777710914612,0.010002359747886658,0.14532692730426788,0.21291780471801758,0.23477348685264587,0.004882514476776123,-0.07041734457015991,0.4138953387737274,0.2457200288772583,0.0070258984342217445,0.16310402750968933,0.1993379294872284,0.031802140176296234,0.0061624012887477875,-0.07520021498203278,0.45189806818962097,0.03407533839344978,0.008453704416751862,21,0.875,0.5813843607902527,0.587020993232727,2.6968669430971204e-07,,0.5529178380966187,0.5701484084129333,-0.0025201551616191864,,0.5314383506774902,0.5353073477745056,-0.005802952218800783,,0.5195051431655884,0.5071980357170105,-0.009754933416843414,,0.5114874839782715,0.48235419392585754,-0.014715989120304585,,0.5353177189826965,0.4811304211616516,-0.00848616287112236,,0.5281304717063904,0.42250242829322815,-0.01689598150551319,,0.5237709283828735,0.3855133056640625,-0.02303077094256878,,0.5196506381034851,0.3534694314002991,-0.028093740344047546,,0.547182023525238,0.47759246826171875,-0.01461827103048563,,0.5458862781524658,0.4095548391342163,-0.02283771149814129,,0.5453818440437317,0.36655664443969727,-0.029614271596074104,,0.5453554391860962,0.32959896326065063,-0.03507357835769653,,0.5597490668296814,0.4859844446182251,-0.021284133195877075,,0.5639055967330933,0.4244908392429352,-0.030586957931518555,,0.5667871236801147,0.38428598642349243,-0.036666009575128555,,0.5685567259788513,0.34837329387664795,-0.04137781634926796,,0.5730001926422119,0.5035539865493774,-0.02798602357506752,,0.5797554850578308,0.4604126513004303,-0.03736236318945885,,0.584886372089386,0.4310429096221924,-0.04107923433184624,,0.5888755321502686,0.40376195311546326,-0.043865229934453964,,0.4977644085884094,0.6219915747642517,1.392131565580712e-07,,0.5218890309333801,0.5922391414642334,-0.003485550405457616,,0.5343998670578003,0.5604406595230103,-0.010941262356936932,,0.5408671498298645,0.5343455672264099,-0.019943086430430412,,0.5448991060256958,0.5092362761497498,-0.029583292081952095,,0.522678017616272,0.5032898783683777,-0.019526148214936256,,0.5253364443778992,0.44162800908088684,-0.033960483968257904,,0.524743378162384,0.39549776911735535,-0.0423542782664299,,0.5228368043899536,0.35723328590393066,-0.04824645072221756,,0.5080298781394958,0.5094873309135437,-0.02698615752160549,,0.5346097946166992,0.4799463450908661,-0.04757325351238251,,0.5492419600486755,0.481134295463562,-0.05569498613476753,,0.5564952492713928,0.4823198914527893,-0.05868426337838173,,0.49670398235321045,0.5311161875724792,-0.03423798829317093,,0.525989830493927,0.5205435156822205,-0.05181000381708145,,0.5390962362289429,0.5289747714996338,-0.05179566517472267,,0.5464409589767456,0.5332775115966797,-0.04871472343802452,,0.4885605275630951,0.5604786276817322,-0.041914116591215134,,0.507903516292572,0.5493373274803162,-0.05423929914832115,,0.5240805745124817,0.5531094670295715,-0.05363889038562775,,0.5370765924453735,0.5588113069534302,-0.05104154348373413,
-0.014137150719761848,-0.5880498886108398,-0.23545020818710327,0.9998924732208252,0.003602517768740654,-0.6270753145217896,-0.22670577466487885,0.9998106956481934,0.00296438904479146,-0.6266438364982605,-0.2282891422510147,0.999815821647644,0.0032246485352516174,-0.6265766620635986,-0.22579778730869293,0.9997827410697937,-0.03289761394262314,-0.6298447251319885,-0.22802776098251343,0.9998274445533752,-0.03082733415067196,-0.6301137208938599,-0.2292049527168274,0.9998375773429871,-0.031604304909706116,-0.6289719939231873,-0.22512735426425934,0.9998178482055664,0.07838311046361923,-0.6221429705619812,-0.13009384274482727,0.9998070001602173,-0.07119408994913101,-0.6289740800857544,-0.1155431792140007,0.9998441338539124,0.011593285016715527,-0.5606159567832947,-0.20756833255290985,0.9999488592147827,-0.03304517641663551,-0.5616839528083801,-0.20202049612998962,0.9999551773071289,0.17590534687042236,-0.4219840168952942,-0.0674852728843689,0.9996941089630127,-0.14816050231456757,-0.44830578565597534,-0.051664452999830246,0.9998303055763245,0.16654957830905914,-0.2134155035018921,-0.16254021227359772,0.9840399622917175,-0.18450114130973816,-0.23334050178527832,-0.16150090098381042,0.9742412567138672,0.05847105383872986,-0.3680548369884491,-0.31921830773353577,0.9165496230125427,-0.08108598738908768,-0.361683189868927,-0.34509706497192383,0.9145366549491882,0.013912358321249485,-0.41051891446113586,-0.36660152673721313,0.8974738717079163,-0.05017198249697685,-0.39848148822784424,-0.39544031023979187,0.9003397226333618,0.028668131679296494,-0.4619113802909851,-0.35105547308921814,0.9047706127166748,-0.04510335996747017,-0.4457044303417206,-0.3730632960796356,0.9059979915618896,0.04963541775941849,-0.40084108710289,-0.3200061619281769,0.9000585079193115,-0.06551697850227356,-0.38554683327674866,-0.34286728501319885,0.9015257954597473,0.11590225994586945,-0.00037886868813075125,-0.002745906123891473,0.492967426776886,-0.11468261480331421,-0.004139312077313662,0.0027449671179056168,0.5266166925430298,0.14603683352470398,-0.06692511588335037,-0.08876682817935944,0.029710181057453156,-0.14216643571853638,-0.022526584565639496,-0.0881412997841835,0.04010237380862236,0.14413385093212128,0.20412346720695496,0.21548904478549957,0.006468630395829678,-0.08485034853219986,0.3905898928642273,0.21417340636253357,0.009611992165446281,0.14580681920051575,0.2133239060640335,0.23498006165027618,0.004833448212593794,-0.07002796977758408,0.41365668177604675,0.24547991156578064,0.006835171487182379,0.1639854460954666,0.19978252053260803,0.03204440698027611,0.006023140624165535,-0.0748414546251297,0.4517006278038025,0.03400144726037979,0.008130652830004692,22,0.917,0.5805172920227051,0.5873643755912781,2.5890386723403935e-07,,0.5529271364212036,0.5675918459892273,-0.002630706876516342,,0.5318366885185242,0.5312768816947937,-0.0057866391725838184,,0.5199278593063354,0.5010667443275452,-0.009537612088024616,,0.5121937990188599,0.4740295112133026,-0.014064958319067955,,0.5350661277770996,0.4800184667110443,-0.0074760280549526215,,0.5273646712303162,0.4226889908313751,-0.016229305416345596,,0.5230985879898071,0.3861064910888672,-0.022596845403313637,,0.5193911790847778,0.35463470220565796,-0.027610432356595993,,0.5468561053276062,0.4769797921180725,-0.01317606307566166,,0.5457794070243835,0.4101310670375824,-0.021533643826842308,,0.5454526543617249,0.3682428002357483,-0.02819603495299816,,0.5457684397697449,0.3330379128456116,-0.033350735902786255,,0.5589603781700134,0.4857742190361023,-0.019529543817043304,,0.5628814697265625,0.42524877190589905,-0.028829185292124748,,0.566428542137146,0.3852236866950989,-0.034467246383428574,,0.5688381791114807,0.35036319494247437,-0.03868551179766655,,0.5715401768684387,0.5034699440002441,-0.025950105860829353,,0.5789087414741516,0.461209774017334,-0.035407159477472305,,0.5844371318817139,0.43240225315093994,-0.03900681063532829,,0.5886240601539612,0.40604254603385925,-0.04149216040968895,,0.4913921356201172,0.6415606737136841,3.24760058845186e-08,,0.5188048481941223,0.608685314655304,-0.00022132141748443246,,0.531541109085083,0.5717823505401611,-0.00627515884116292,,0.5366637110710144,0.5424419641494751,-0.014781774021685123,,0.5386928915977478,0.5155885815620422,-0.0239873044192791,,0.5201926827430725,0.514396607875824,-0.016018513590097427,,0.5253438353538513,0.4557751417160034,-0.029683943837881088,,0.5255477428436279,0.4128987193107605,-0.03742314130067825,,0.5243485569953918,0.3772527873516083,-0.042944781482219696,,0.5060452222824097,0.5224491357803345,-0.024523086845874786,,0.5336006283760071,0.5059924721717834,-0.04460638761520386,,0.5479980707168579,0.5319490432739258,-0.05038737878203392,,0.5552776455879211,0.5543192625045776,-0.05145325884222984,,0.49509164690971375,0.5434714555740356,-0.03266613930463791,,0.5229818224906921,0.5382305979728699,-0.05044212192296982,,0.5358381271362305,0.5655601024627686,-0.04844658821821213,,0.5429113507270813,0.5887516736984253,-0.043786369264125824,,0.48721545934677124,0.5722505450248718,-0.04097703471779823,,0.5059961080551147,0.5595424175262451,-0.05347180366516113,,0.5222585201263428,0.5653712749481201,-0.05264219641685486,,0.536620020866394,0.5743860006332397,-0.04957275465130806,
-0.013914552517235279,-0.5882336497306824,-0.23661936819553375,0.9998969435691833,0.0038480351213365793,-0.627193808555603,-0.22780247032642365,0.999819278717041,0.0032095755450427532,-0.6267625689506531,-0.2294050008058548,0.9998230934143066,0.003474888624623418,-0.6266951560974121,-0.22691108286380768,0.99979168176651,-0.03276462107896805,-0.6299836039543152,-0.2290227860212326,0.9998358488082886,-0.030696645379066467,-0.6302568316459656,-0.23018155992031097,0.9998448491096497,-0.03147328272461891,-0.6291166543960571,-0.2260991632938385,0.9998267292976379,0.07889968156814575,-0.6220170259475708,-0.13062071800231934,0.9998156428337097,-0.07116035372018814,-0.6289421319961548,-0.1158306747674942,0.9998534321784973,0.011871935799717903,-0.5607008337974548,-0.2085137814283371,0.9999510645866394,-0.032899003475904465,-0.5617808699607849,-0.20285530388355255,0.9999573230743408,0.17606143653392792,-0.4219657778739929,-0.06796689331531525,0.9996974468231201,-0.14819680154323578,-0.4482896029949188,-0.051778100430965424,0.9998365640640259,0.1664395034313202,-0.21298934519290924,-0.1626337468624115,0.9853660464286804,-0.18469129502773285,-0.23324669897556305,-0.161538228392601,0.9766525030136108,0.05713355913758278,-0.3674943745136261,-0.31944432854652405,0.9246697425842285,-0.08136078715324402,-0.36069074273109436,-0.3450644016265869,0.9229212999343872,0.012086383067071438,-0.4098312258720398,-0.36693865060806274,0.905932605266571,-0.05047295615077019,-0.39677250385284424,-0.39536356925964355,0.9089522361755371,0.026647157967090607,-0.46113598346710205,-0.3512865900993347,0.912411630153656,-0.04526686668395996,-0.4441757798194885,-0.37301740050315857,0.9138997197151184,0.048053961247205734,-0.40014854073524475,-0.32015785574913025,0.9080774188041687,-0.0657368004322052,-0.3844074010848999,-0.3428434133529663,0.9096583127975464,0.11594823002815247,-0.00039320270298048854,-0.0027537462301552296,0.4957919716835022,-0.11471005529165268,-0.00412519508972764,0.002755230525508523,0.5298492312431335,0.14655353128910065,-0.06606098264455795,-0.08926985412836075,0.02925332821905613,-0.1420155018568039,-0.022443868219852448,-0.08902941644191742,0.0395001620054245,0.14446328580379486,0.20445755124092102,0.21586044132709503,0.006401057355105877,-0.0844649225473404,0.3911508619785309,0.21386484801769257,0.00935748778283596,0.14610162377357483,0.21362391114234924,0.23559194803237915,0.004827464930713177,-0.06964579224586487,0.41413769125938416,0.24532550573349,0.006726457271724939,0.16435211896896362,0.20003855228424072,0.03213643655180931,0.005912076216191053,-0.07409647107124329,0.45173293352127075,0.03340613842010498,0.007894143462181091,23,0.959,0.5812149047851562,0.5868337750434875,2.6238112127430213e-07,,0.5532182455062866,0.5682005286216736,-0.0027172472327947617,,0.5314906239509583,0.5336114168167114,-0.00595086719840765,,0.5185760259628296,0.507049024105072,-0.00993511825799942,,0.5091432929039001,0.483400821685791,-0.014819473959505558,,0.5356191992759705,0.47930848598480225,-0.007135369349271059,,0.5277358293533325,0.4223603904247284,-0.015704525634646416,,0.5233477354049683,0.38618019223213196,-0.022067563608288765,,0.5194746851921082,0.35481420159339905,-0.027115313336253166,,0.5472907423973083,0.47545450925827026,-0.012976421043276787,,0.5461658835411072,0.4089886248111725,-0.02122596837580204,,0.5457227826118469,0.36721375584602356,-0.02810434252023697,,0.5459533333778381,0.3320850133895874,-0.03346686810255051,,0.5591567158699036,0.4838774502277374,-0.019509868696331978,,0.5632194876670837,0.42364585399627686,-0.028625523671507835,,0.5666941404342651,0.3842620849609375,-0.03449099138379097,,0.5689992904663086,0.3499103784561157,-0.038920510560274124,,0.5714511871337891,0.5014775991439819,-0.026147974655032158,,0.5787448883056641,0.459647536277771,-0.035281553864479065,,0.5842211842536926,0.4311581254005432,-0.038892004638910294,,0.5883393883705139,0.4049821197986603,-0.04147595167160034,,0.48799800872802734,0.644619882106781,2.600695303556222e-08,,0.5183964967727661,0.6086318492889404,0.000730906380340457,,0.5308493375778198,0.56939297914505,-0.003944923169910908,,0.5344560742378235,0.537226676940918,-0.01119633112102747,,0.5348921418190002,0.5077632665634155,-0.01907176896929741,,0.5180542469024658,0.5133023262023926,-0.012208523228764534,,0.5253391861915588,0.4593201279640198,-0.023817090317606926,,0.5270570516586304,0.4213317930698395,-0.030897894874215126,,0.5277540683746338,0.3885725140571594,-0.03617232292890549,,0.5043426156044006,0.5216676592826843,-0.019989417865872383,,0.5334490537643433,0.5124374032020569,-0.03739134967327118,,0.5463266968727112,0.5414190292358398,-0.042636118829250336,,0.5519464612007141,0.5667384266853333,-0.04403020441532135,,0.4941294491291046,0.5424718260765076,-0.027516882866621017,,0.5243900418281555,0.5413995385169983,-0.04327479004859924,,0.5348702669143677,0.5679236650466919,-0.04174785315990448,,0.5393869876861572,0.5911419987678528,-0.03803952410817146,,0.48713821172714233,0.5703112483024597,-0.03517629951238632,,0.508457601070404,0.5586031079292297,-0.046551529318094254,,0.5238032937049866,0.5650231838226318,-0.04627588763833046,,0.5364640951156616,0.5753060579299927,-0.0440254770219326,
-0.013766460120677948,-0.5883203148841858,-0.23776617646217346,0.9999010562896729,0.004081874620169401,-0.627284049987793,-0.22886872291564941,0.9998270273208618,0.003446245100349188,-0.626852810382843,-0.23048238456249237,0.9998297095298767,0.0037146033719182014,-0.6267850399017334,-0.22798886895179749,0.9997997879981995,-0.032637424767017365,-0.630057692527771,-0.23005110025405884,0.9998434782028198,-0.030570026487112045,-0.6303309798240662,-0.2312088906764984,0.9998515248298645,-0.031347133219242096,-0.6291905641555786,-0.2271338552236557,0.9998347759246826,0.07923281192779541,-0.6219443082809448,-0.13113148510456085,0.9998236298561096,-0.0711417943239212,-0.6289656758308411,-0.11636100709438324,0.9998618960380554,0.011993076652288437,-0.5607700347900391,-0.2094302773475647,0.9999529719352722,-0.03285697475075722,-0.561853289604187,-0.20377391576766968,0.9999592900276184,0.17614994943141937,-0.42186418175697327,-0.0687045007944107,0.9996998906135559,-0.1484583020210266,-0.448396235704422,-0.05240779370069504,0.9998424649238586,0.16655249893665314,-0.21237963438034058,-0.16273777186870575,0.9865761995315552,-0.1849578469991684,-0.2331811487674713,-0.16167016327381134,0.9788324236869812,0.05703277885913849,-0.36720651388168335,-0.31950855255126953,0.9319814443588257,-0.08156899362802505,-0.36012428998947144,-0.34442368149757385,0.9304717183113098,0.01203165017068386,-0.409582257270813,-0.3669998347759247,0.9135462641716003,-0.05073714628815651,-0.39603209495544434,-0.3945823013782501,0.9167054295539856,0.026219677180051804,-0.4607238471508026,-0.3515286147594452,0.9192841649055481,-0.04540693014860153,-0.4435547888278961,-0.37262865900993347,0.9209901094436646,0.04778674617409706,-0.3997677266597748,-0.3202993869781494,0.9153183102607727,-0.06592872738838196,-0.38386431336402893,-0.34235110878944397,0.9169965982437134,0.11607049405574799,-0.00038685990148223937,-0.0027637670282274485,0.5013146996498108,-0.11482241004705429,-0.004129431210458279,0.0027675225865095854,0.5359125137329102,0.14723554253578186,-0.06511233001947403,-0.08945794403553009,0.028950801119208336,-0.14151614904403687,-0.02227652631700039,-0.09106296300888062,0.03904522955417633,0.1456722766160965,0.20641687512397766,0.21479922533035278,0.006332210265100002,-0.08313442766666412,0.3930831253528595,0.21155184507369995,0.009116125293076038,0.14737042784690857,0.2159845530986786,0.23452213406562805,0.004787112586200237,-0.06841102987527847,0.41611507534980774,0.24297469854354858,0.006609015632420778,0.16559049487113953,0.20273008942604065,0.031273700296878815,0.005803392734378576,-0.0727747455239296,0.452900767326355,0.030828002840280533,0.00766779575496912,24,1.001,0.5807936787605286,0.5876184105873108,2.6002021513704676e-07,,0.5527564287185669,0.5665073394775391,-0.002219558460637927,,0.5312913656234741,0.530161440372467,-0.00535234622657299,,0.5186727046966553,0.5011268258094788,-0.009242728352546692,,0.5097124576568604,0.47556349635124207,-0.0139964884147048,,0.5353038311004639,0.4804863929748535,-0.00727898720651865,,0.5276902914047241,0.4231187701225281,-0.016096247360110283,,0.5234397053718567,0.38646233081817627,-0.022563623264431953,,0.5197765827178955,0.35477232933044434,-0.027712153270840645,,0.5470720529556274,0.4773537516593933,-0.013260182924568653,,0.5458492040634155,0.41021889448165894,-0.021642256528139114,,0.5458181500434875,0.36795973777770996,-0.028530694544315338,,0.5463957786560059,0.33231866359710693,-0.03397215157747269,,0.5590458512306213,0.48591235280036926,-0.01984727755188942,,0.5628297328948975,0.42491263151168823,-0.029083026573061943,,0.5666579008102417,0.38465070724487305,-0.034936144948005676,,0.569308340549469,0.3498355746269226,-0.0393839105963707,,0.5714488625526428,0.5031701326370239,-0.02647208422422409,,0.5789653658866882,0.4605858623981476,-0.035831619054079056,,0.584452748298645,0.43145468831062317,-0.03964410722255707,,0.5885362029075623,0.40504708886146545,-0.04238848015666008,,0.4876340329647064,0.6427730917930603,3.2264896532296916e-08,,0.5177127122879028,0.6051317453384399,0.001113793347030878,,0.5299093127250671,0.5657849311828613,-0.003519626334309578,,0.533168375492096,0.5343718528747559,-0.010670611634850502,,0.5337859988212585,0.5059506893157959,-0.018428383395075798,,0.5179476141929626,0.5106135606765747,-0.01220660749822855,,0.5257485508918762,0.4588072896003723,-0.023638209328055382,,0.5277774930000305,0.42270997166633606,-0.03077601082623005,,0.5285603404045105,0.39108729362487793,-0.03615956008434296,,0.5045977234840393,0.5198501348495483,-0.0199600663036108,,0.5338616967201233,0.5130639672279358,-0.037036675959825516,,0.5473175048828125,0.5421136617660522,-0.04234014078974724,,0.5534875392913818,0.5665482878684998,-0.04392341896891594,,0.4947545528411865,0.5412582755088806,-0.027369728311896324,,0.5248110890388489,0.5408585071563721,-0.04287296533584595,,0.5365619659423828,0.5667056441307068,-0.04161522537469864,,0.5424229502677917,0.5888381600379944,-0.0382252112030983,,0.48820436000823975,0.569550096988678,-0.0348169319331646,,0.5090360641479492,0.5596455335617065,-0.04603951796889305,,0.5241138935089111,0.566713273525238,-0.04583786800503731,,0.5366420149803162,0.5767443180084229,-0.04370609298348427,
-0.013357363641262054,-0.5880499482154846,-0.24298562109470367,0.9999047517776489,0.004641559906303883,-0.626874566078186,-0.23456959426403046,0.9998336434364319,0.004000336397439241,-0.6264456510543823,-0.23622043430805206,0.9998353719711304,0.004280952271074057,-0.6263770461082458,-0.23373471200466156,0.9998065233230591,-0.032125890254974365,-0.6297526359558105,-0.2353980392217636,0.9998500347137451,-0.030063746497035027,-0.6300391554832458,-0.23653699457645416,0.9998572468757629,-0.030833881348371506,-0.6289020776748657,-0.23246905207633972,0.9998417496681213,0.07991621643304825,-0.6212013959884644,-0.1374676525592804,0.9998301863670349,-0.07066292315721512,-0.6286807656288147,-0.12138775736093521,0.999869167804718,0.012302936054766178,-0.5604469180107117,-0.21483998000621796,0.9999545812606812,-0.032566022127866745,-0.5616313219070435,-0.20879770815372467,0.9999609589576721,0.17665456235408783,-0.42117610573768616,-0.07512298971414566,0.999699592590332,-0.14847825467586517,-0.44842082262039185,-0.05517730861902237,0.9998472332954407,0.16669704020023346,-0.21178989112377167,-0.1679827719926834,0.9876408576965332,-0.1860029399394989,-0.23311717808246613,-0.16289031505584717,0.9807537198066711,0.057527728378772736,-0.3660094439983368,-0.325427383184433,0.9385377168655396,-0.08188624680042267,-0.35834312438964844,-0.34902042150497437,0.9372504353523254,0.012624716386198997,-0.40802597999572754,-0.372355580329895,0.9203285574913025,-0.050857968628406525,-0.39336150884628296,-0.39975398778915405,0.9236672520637512,0.026896003633737564,-0.4588802754878998,-0.35820138454437256,0.9254169464111328,-0.04550930857658386,-0.4409162402153015,-0.3781476318836212,0.9273830056190491,0.04831675812602043,-0.39832714200019836,-0.3266265392303467,0.9217181205749512,-0.066023088991642,-0.38172927498817444,-0.3471149504184723,0.9235314726829529,0.11609628796577454,-0.0004154381458647549,-0.002981692785397172,0.5004820227622986,-0.11484285444021225,-0.004121921956539154,0.003026638412848115,0.536658763885498,0.1474447399377823,-0.06461690366268158,-0.09001833945512772,0.029221966862678528,-0.14141598343849182,-0.021117571741342545,-0.09198333323001862,0.03929043561220169,0.14761337637901306,0.2066151350736618,0.21370738744735718,0.006404418498277664,-0.0824074000120163,0.39411062002182007,0.2104962170124054,0.009013853967189789,0.14937403798103333,0.21618783473968506,0.23354162275791168,0.004828286822885275,-0.06762348860502243,0.41685768961906433,0.24202145636081696,0.00659533916041255,0.1670214831829071,0.20259030163288116,0.028389237821102142,0.005811118986457586,-0.07277899980545044,0.45377853512763977,0.029700780287384987,0.007558440323919058,25,1.042,0.5813173651695251,0.5864676833152771,2.5634491862547293e-07,,0.5538071393966675,0.5654422044754028,-0.0020662194583564997,,0.532775342464447,0.5284548401832581,-0.005192988086491823,,0.5210173726081848,0.4978610873222351,-0.009059778414666653,,0.513132631778717,0.47087523341178894,-0.013730057515203953,,0.5357293486595154,0.47931531071662903,-0.007171495817601681,,0.5277490615844727,0.42250168323516846,-0.015721749514341354,,0.523340106010437,0.3864939212799072,-0.02188286744058132,,0.5196103453636169,0.3555483818054199,-0.026767633855342865,,0.5471650958061218,0.47600647807121277,-0.01324272807687521,,0.5458129644393921,0.40859168767929077,-0.02145238406956196,,0.5453647971153259,0.3664969205856323,-0.028109634295105934,,0.5456060171127319,0.33176249265670776,-0.03328409418463707,,0.5591739416122437,0.48477333784103394,-0.019884558394551277,,0.5629597306251526,0.4236176311969757,-0.028917690739035606,,0.5666890144348145,0.3838050961494446,-0.034508589655160904,,0.569229006767273,0.3495774269104004,-0.03874819353222847,,0.5717126727104187,0.5024293661117554,-0.026549046859145164,,0.578799307346344,0.46014487743377686,-0.03560090810060501,,0.5842633247375488,0.4314092695713043,-0.03905651718378067,,0.5883651375770569,0.4054567515850067,-0.04151316359639168,,0.4888252913951874,0.643928587436676,3.141309434795403e-08,,0.5186879634857178,0.607067883014679,0.00040752271888777614,,0.5310948491096497,0.5683842301368713,-0.004546430893242359,,0.5343738198280334,0.5372052788734436,-0.01190209574997425,,0.5348523259162903,0.5089859962463379,-0.01980016380548477,,0.5179439187049866,0.5116961002349854,-0.012335705570876598,,0.5256060361862183,0.4608183205127716,-0.023868367075920105,,0.5278282165527344,0.42553216218948364,-0.03100263513624668,,0.5288957953453064,0.3946319818496704,-0.0362749919295311,,0.504449188709259,0.5204957127571106,-0.0197334885597229,,0.5339901447296143,0.5133682489395142,-0.03665848821401596,,0.5474147796630859,0.5425100922584534,-0.041950032114982605,,0.5536297559738159,0.5674052834510803,-0.04348184913396835,,0.49450719356536865,0.541490375995636,-0.026886936277151108,,0.5254141688346863,0.5415095686912537,-0.04242730885744095,,0.5374854803085327,0.5677590370178223,-0.041390903294086456,,0.5435733795166016,0.5903549790382385,-0.03806443139910698,,0.48789334297180176,0.5695541501045227,-0.0341210700571537,,0.5088633298873901,0.5599313974380493,-0.0451904833316803,,0.5238023996353149,0.5671890377998352,-0.045026108622550964,,0.5362545847892761,0.5775842666625977,-0.042917683720588684,
-0.013147926889359951,-0.587982177734375,-0.24291284382343292,0.9999082088470459,0.004860719200223684,-0.6267781853675842,-0.23449105024337769,0.9998404383659363,0.00421350309625268,-0.626347541809082,-0.2361413985490799,0.9998413324356079,0.004500205162912607,-0.6262786388397217,-0.23365473747253418,0.9998138546943665,-0.03191438689827919,-0.6296901106834412,-0.23533132672309875,0.9998563528060913,-0.029858790338039398,-0.6299815773963928,-0.23647445440292358,0.9998626112937927,-0.030626332387328148,-0.6288458704948425,-0.232407808303833,0.9998482465744019,0.0806494727730751,-0.6208339333534241,-0.1374891698360443,0.999837338924408,-0.06994784623384476,-0.6285011172294617,-0.12117207050323486,0.9998756647109985,0.012694953009486198,-0.5602863430976868,-0.2147967666387558,0.9999563694000244,-0.0321737565100193,-0.5615242719650269,-0.2087494283914566,0.9999625086784363,0.17725765705108643,-0.42084628343582153,-0.07512406259775162,0.9997033476829529,-0.1472162902355194,-0.4483262002468109,-0.054879847913980484,0.9998512864112854,0.16664597392082214,-0.21165543794631958,-0.1677144467830658,0.9885789155960083,-0.18559886515140533,-0.23280882835388184,-0.16078433394432068,0.9824675917625427,0.05676781386137009,-0.36595016717910767,-0.32490184903144836,0.9444364905357361,-0.08110500872135162,-0.3579995036125183,-0.3474682867527008,0.9433426856994629,0.011227664537727833,-0.40792009234428406,-0.37132421135902405,0.9264340400695801,-0.05003385245800018,-0.39277103543281555,-0.3979639410972595,0.9298740029335022,0.026160763576626778,-0.4587240219116211,-0.35698091983795166,0.9309291243553162,-0.044370297342538834,-0.44034749269485474,-0.3755035698413849,0.9330729842185974,0.0476367212831974,-0.39823979139328003,-0.32594239711761475,0.9274721741676331,-0.06510564684867859,-0.3813260495662689,-0.3453355133533478,0.9293249249458313,0.11609898507595062,-0.00041800399776548147,-0.003198064863681793,0.4985452890396118,-0.1148180216550827,-0.004130450077354908,0.0032885654363781214,0.5346530675888062,0.14791418612003326,-0.06834589689970016,-0.09313679486513138,0.029067927971482277,-0.1413077861070633,-0.03261977806687355,-0.09350921213626862,0.03899472951889038,0.14818868041038513,0.202449232339859,0.213754341006279,0.006413936149328947,-0.08117127418518066,0.38916605710983276,0.21045511960983276,0.008853146806359291,0.14990772306919098,0.21206295490264893,0.23377105593681335,0.004862855188548565,-0.06611450016498566,0.41112422943115234,0.24224528670310974,0.006571565289050341,0.16739125549793243,0.19310933351516724,0.02705363929271698,0.005761150736361742,-0.07138090580701828,0.444722443819046,0.02967163920402527,0.0074010249227285385,26,1.084,0.5814198851585388,0.5876564383506775,2.53224641255656e-07,,0.5535082817077637,0.5665515661239624,-0.0014673160621896386,,0.5325709581375122,0.5288876295089722,-0.004291641991585493,,0.521142303943634,0.4975087642669678,-0.007892469875514507,,0.5138499140739441,0.46959763765335083,-0.012383436784148216,,0.5352118611335754,0.4824168086051941,-0.007854525931179523,,0.5272899866104126,0.42444008588790894,-0.01649758778512478,,0.5230482816696167,0.3878149390220642,-0.02253609709441662,,0.5191296339035034,0.3563103675842285,-0.027339491993188858,,0.54688560962677,0.4798717796802521,-0.014233305118978024,,0.5456667542457581,0.41197484731674194,-0.02271629497408867,,0.5451128482818604,0.36949002742767334,-0.029381096363067627,,0.5449271202087402,0.3341118395328522,-0.03460291773080826,,0.5590643882751465,0.48891085386276245,-0.021046241745352745,,0.5632163882255554,0.42744576930999756,-0.030395671725273132,,0.5668564438819885,0.38667964935302734,-0.03628752380609512,,0.5691483020782471,0.3513316214084625,-0.04074341431260109,,0.5717450976371765,0.5061609745025635,-0.027764661237597466,,0.5787259340286255,0.46298012137413025,-0.037215664982795715,,0.5842931866645813,0.43383729457855225,-0.04095138609409332,,0.588580310344696,0.4075774848461151,-0.043627072125673294,,0.4892808198928833,0.642963171005249,2.7336975350067405e-08,,0.5186145901679993,0.6051976680755615,0.0005757787148468196,,0.5298311710357666,0.5653631687164307,-0.004297913052141666,,0.5313957333564758,0.5327686071395874,-0.011538787744939327,,0.5306193232536316,0.50315260887146,-0.01940290257334709,,0.5184237957000732,0.5116075277328491,-0.013145418837666512,,0.52602219581604,0.4606257975101471,-0.025002822279930115,,0.5277442336082458,0.4247738718986511,-0.032269690185785294,,0.5283536911010742,0.3934904932975769,-0.03760703653097153,,0.5047848224639893,0.5208352208137512,-0.020596425980329514,,0.5341362357139587,0.5149954557418823,-0.03777139261364937,,0.5474286079406738,0.5436519384384155,-0.04285939410328865,,0.553760290145874,0.567480206489563,-0.0442911833524704,,0.49492257833480835,0.5424231290817261,-0.02775471657514572,,0.5255882143974304,0.5430716872215271,-0.04358227923512459,,0.537442684173584,0.5693327784538269,-0.04227130115032196,,0.5435162782669067,0.591217041015625,-0.03875018283724785,,0.48848316073417664,0.57112717628479,-0.03496309742331505,,0.5093538165092468,0.5614561438560486,-0.04644465073943138,,0.5244351029396057,0.5683619379997253,-0.04629413038492203,,0.5371513366699219,0.577863335609436,-0.04412468522787094,
-0.011201350949704647,-0.590437650680542,-0.24382168054580688,0.9999110698699951,0.007005282212048769,-0.6288533210754395,-0.2351338118314743,0.9998458027839661,0.0063589513301849365,-0.6284259557723999,-0.23679547011852264,0.9998458623886108,0.006657927297055721,-0.6283630132675171,-0.23431174457073212,0.9998194575309753,-0.029785195365548134,-0.6318214535713196,-0.23618777096271515,0.9998616576194763,-0.02773074060678482,-0.6321348547935486,-0.23731379210948944,0.99986732006073,-0.028484396636486053,-0.6310033798217773,-0.23325055837631226,0.9998540282249451,0.08139554411172867,-0.6211857795715332,-0.1377282589673996,0.9998422265052795,-0.06927764415740967,-0.6289920210838318,-0.12236130237579346,0.9998815059661865,0.013748610392212868,-0.5619426369667053,-0.21559880673885345,0.9999575018882751,-0.031114952638745308,-0.5632184147834778,-0.20983979105949402,0.9999637007713318,0.1772017925977707,-0.4208419919013977,-0.07562046498060226,0.9997039437294006,-0.14736205339431763,-0.44820666313171387,-0.05591650307178497,0.9998545050621033,0.16669172048568726,-0.21148759126663208,-0.16769587993621826,0.9894293546676636,-0.1875680387020111,-0.22918058931827545,-0.16106532514095306,0.9840124845504761,0.05699377506971359,-0.3647210896015167,-0.3248348832130432,0.9497345089912415,-0.08270623534917831,-0.3521575629711151,-0.3477396070957184,0.9488222002983093,0.011540123261511326,-0.4063236713409424,-0.3711634576320648,0.931887149810791,-0.051490169018507004,-0.38619956374168396,-0.39812642335891724,0.9354754090309143,0.026417093351483345,-0.4567021429538727,-0.3569737374782562,0.9358574748039246,-0.04521368071436882,-0.4348072111606598,-0.37593352794647217,0.9382169842720032,0.047856464982032776,-0.39666828513145447,-0.32592856884002686,0.9326128363609314,-0.0663754865527153,-0.37559881806373596,-0.34563830494880676,0.9345701336860657,0.11607877910137177,-0.00043566583190113306,-0.003227034118026495,0.4997716546058655,-0.11479472368955612,-0.004129620268940926,0.003331736894324422,0.5360193252563477,0.14737868309020996,-0.06556665152311325,-0.09252452105283737,0.029268674552440643,-0.1412665694952011,-0.030786924064159393,-0.09360653162002563,0.03899439051747322,0.14765965938568115,0.20375069975852966,0.213747039437294,0.006428621709346771,-0.08132058382034302,0.38929349184036255,0.209988072514534,0.008709916844964027,0.1492857038974762,0.21347978711128235,0.23378095030784607,0.004864946007728577,-0.06633295863866806,0.41121140122413635,0.241822749376297,0.006516092456877232,0.16697029769420624,0.19397658109664917,0.027106061577796936,0.00574826542288065,-0.07205279171466827,0.44510701298713684,0.02967001684010029,0.00728786364197731,27,1.126,0.5824356079101562,0.5924150347709656,2.6434778988004837e-07,,0.5542555451393127,0.5738086700439453,-0.002315123099833727,,0.5323940515518188,0.5386984348297119,-0.005503769498318434,,0.5203410983085632,0.5094791054725647,-0.009296562522649765,,0.5124507546424866,0.4833175837993622,-0.013970276340842247,,0.535098135471344,0.4882499575614929,-0.008282942697405815,,0.52694171667099,0.42986711859703064,-0.01711214706301689,,0.5227230191230774,0.393227219581604,-0.023583030328154564,,0.5184921026229858,0.3612481355667114,-0.02873174473643303,,0.5466301441192627,0.4850398302078247,-0.014189334586262703,,0.544996976852417,0.4163743257522583,-0.022483166307210922,,0.5442336797714233,0.37343576550483704,-0.02923012152314186,,0.5439289808273315,0.3370205760002136,-0.03456774726510048,,0.5588148236274719,0.49357613921165466,-0.02062532678246498,,0.5629404187202454,0.4308980107307434,-0.029743751510977745,,0.566232442855835,0.39009708166122437,-0.03557579591870308,,0.5680906176567078,0.3542512059211731,-0.04003336653113365,,0.5718277096748352,0.5106120705604553,-0.02707854099571705,,0.5793085694313049,0.46742504835128784,-0.036545153707265854,,0.5849261283874512,0.4384838342666626,-0.040234021842479706,,0.5892217755317688,0.41185301542282104,-0.042826782912015915,,0.48945412039756775,0.6477323770523071,2.0241111897689734e-08,,0.5191627144813538,0.6093137264251709,0.000639701378531754,,0.5304430723190308,0.5696362853050232,-0.004270855337381363,,0.5324663519859314,0.5373371243476868,-0.011651463806629181,,0.5319416522979736,0.5078806281089783,-0.019618889316916466,,0.5183959603309631,0.5178073644638062,-0.013335933908820152,,0.5265886783599854,0.4671555161476135,-0.02530461922287941,,0.52849280834198,0.43105730414390564,-0.03260784596204758,,0.5289875268936157,0.3990471065044403,-0.03806318715214729,,0.5050925016403198,0.5264909863471985,-0.02098342590034008,,0.5338686108589172,0.5218234062194824,-0.037975139915943146,,0.5466892719268799,0.5481005311012268,-0.04296927526593208,,0.5528754591941833,0.5694007277488708,-0.044588785618543625,,0.49502965807914734,0.5480205416679382,-0.028351521119475365,,0.5249601006507874,0.5504944324493408,-0.044253215193748474,,0.5358798503875732,0.5759010314941406,-0.042830731719732285,,0.5414061546325684,0.5971193313598633,-0.039336204528808594,,0.4882548749446869,0.5767890214920044,-0.0358295813202858,,0.5078898668289185,0.566754162311554,-0.04760283976793289,,0.5231853723526001,0.5721871852874756,-0.04768747463822365,,0.5366352200508118,0.5812100172042847,-0.04571477323770523,
-0.008952980861067772,-0.5944823622703552,-0.24372941255569458,0.999914288520813,0.009518470615148544,-0.6323273181915283,-0.2350066900253296,0.9998518228530884,0.008882248774170876,-0.6319106221199036,-0.236677885055542,0.9998512268066406,0.009190463460981846,-0.6318534016609192,-0.2342013567686081,0.9998258948326111,-0.027057886123657227,-0.63541579246521,-0.23610441386699677,0.9998675584793091,-0.02500372752547264,-0.6357463598251343,-0.23723410069942474,0.9998727440834045,-0.025765564292669296,-0.6346153020858765,-0.23317478597164154,0.999860405921936,0.08248908072710037,-0.6221179366111755,-0.13760367035865784,0.9998484253883362,-0.06762083619832993,-0.6301469206809998,-0.12233348935842514,0.9998878240585327,0.015084540471434593,-0.5648556351661682,-0.2155672013759613,0.999958872795105,-0.02945537120103836,-0.5662074685096741,-0.20979787409305573,0.9999651312828064,0.1771654188632965,-0.42090657353401184,-0.07578051835298538,0.9997084140777588,-0.14720673859119415,-0.44818323850631714,-0.05653722211718559,0.999858558177948,0.16686266660690308,-0.21103355288505554,-0.16767261922359467,0.9902799725532532,-0.18647998571395874,-0.2258942872285843,-0.16179101169109344,0.9854374527931213,0.058474987745285034,-0.36341241002082825,-0.3243798017501831,0.9545710682868958,-0.08280578255653381,-0.3490802049636841,-0.3477582633495331,0.9537885785102844,0.013571185059845448,-0.4049840271472931,-0.3702069818973541,0.937203049659729,-0.05176343023777008,-0.38365620374679565,-0.39801377058029175,0.9407650828361511,0.028198346495628357,-0.4546825587749481,-0.35585880279541016,0.9407039284706116,-0.04553248733282089,-0.43241918087005615,-0.3758811950683594,0.9431025385856628,0.04952753707766533,-0.39504915475845337,-0.3255014717578888,0.9377221465110779,-0.066549152135849,-0.3728489875793457,-0.34563469886779785,0.939614474773407,0.11603446304798126,-0.00040689980960451066,-0.0033475260715931654,0.5104408860206604,-0.1147603988647461,-0.00414627231657505,0.003446861170232296,0.54648756980896,0.14737431704998016,-0.05331498384475708,-0.08831000328063965,0.0296697448939085,-0.14089825749397278,-0.016472872346639633,-0.0899168998003006,0.039504338055849075,0.1480816900730133,0.20396919548511505,0.21953774988651276,0.006358708720654249,-0.08124183118343353,0.38880014419555664,0.21309241652488708,0.008556579239666462,0.14976266026496887,0.21369796991348267,0.24115103483200073,0.00483085447922349,-0.06634586304426193,0.41057121753692627,0.24605748057365417,0.006457563955336809,0.16743625700473785,0.196072518825531,0.04768604785203934,0.005618631839752197,-0.07229658961296082,0.44527769088745117,0.04571380466222763,0.007097447756677866,28,1.167,0.5817013382911682,0.592978298664093,2.6779355266626226e-07,,0.5534496307373047,0.5709729194641113,-0.00235206400975585,,0.532063901424408,0.5311657190322876,-0.005217177793383598,,0.5210216045379639,0.49645543098449707,-0.008718296885490417,,0.5159326195716858,0.46573013067245483,-0.012932682409882545,,0.5352638363838196,0.48580241203308105,-0.006606230512261391,,0.5269501805305481,0.42789196968078613,-0.014874613843858242,,0.5222489833831787,0.39158689975738525,-0.02064632438123226,,0.517985463142395,0.360615074634552,-0.025265924632549286,,0.5471585988998413,0.48366230726242065,-0.012332512065768242,,0.5460726618766785,0.4153180718421936,-0.020128386095166206,,0.5454666018486023,0.37251466512680054,-0.026303432881832123,,0.5454408526420593,0.33667266368865967,-0.031116509810090065,,0.5592676997184753,0.49340662360191345,-0.018720438703894615,,0.5636560320854187,0.43209847807884216,-0.02757541835308075,,0.566622793674469,0.3917432725429535,-0.032929301261901855,,0.5683296322822571,0.35651373863220215,-0.037012431770563126,,0.5716545581817627,0.5119278430938721,-0.025158926844596863,,0.5795912742614746,0.47106799483299255,-0.03419319912791252,,0.584848165512085,0.44222527742385864,-0.03754866123199463,,0.5887337327003479,0.4156230390071869,-0.039919883012771606,,0.503265380859375,0.6273921728134155,2.3348407296452933e-07,,0.5229098200798035,0.5920975804328918,-0.005220542196184397,,0.5317084193229675,0.5538231730461121,-0.012400840409100056,,0.5328980088233948,0.5179188251495361,-0.020069260150194168,,0.5324277877807617,0.4866475462913513,-0.0284342672675848,,0.5260357856750488,0.5071155428886414,-0.019705427810549736,,0.5269646644592285,0.4447677433490753,-0.034202370792627335,,0.5258556604385376,0.4009168744087219,-0.04310959205031395,,0.5232996940612793,0.3627573847770691,-0.04943452402949333,,0.5138028860092163,0.5119755864143372,-0.026657013222575188,,0.5344045162200928,0.4592599868774414,-0.04622902348637581,,0.5460594892501831,0.4313700795173645,-0.056665051728487015,,0.5525534152984619,0.4090353548526764,-0.06211218982934952,,0.5038842558860779,0.5317077040672302,-0.033414747565984726,,0.5310087203979492,0.49850761890411377,-0.05083509907126427,,0.5479899048805237,0.4819766879081726,-0.05448929965496063,,0.5595981478691101,0.4664349853992462,-0.054759252816438675,,0.4948815703392029,0.5608464479446411,-0.04033045843243599,,0.513801097869873,0.5469537377357483,-0.05407673120498657,,0.5308749079704285,0.5438016057014465,-0.05546397715806961,,0.5446361303329468,0.5402655601501465,-0.05465041100978851,
-0.007450560573488474,-0.5944679975509644,-0.2441321313381195,0.999916136264801,0.010941384360194206,-0.6323195099830627,-0.2353343963623047,0.9998553991317749,0.010300567373633385,-0.6319025158882141,-0.2370137870311737,0.9998540282249451,0.01061153132468462,-0.631845235824585,-0.2345319241285324,0.9998295307159424,-0.025689460337162018,-0.6354055404663086,-0.23646250367164612,0.9998711347579956,-0.02363629825413227,-0.6357365846633911,-0.23757851123809814,0.9998757839202881,-0.024388602003455162,-0.6346056461334229,-0.2335176169872284,0.9998643398284912,0.08358108252286911,-0.6220622658729553,-0.13791555166244507,0.9998515248298645,-0.06664443761110306,-0.6301066875457764,-0.12289274483919144,0.9998919367790222,0.016402754932641983,-0.564851701259613,-0.21601524949073792,0.9999596476554871,-0.02819834090769291,-0.5662032961845398,-0.21029599010944366,0.9999659657478333,0.17751117050647736,-0.4206920564174652,-0.0762769877910614,0.9997089505195618,-0.14695031940937042,-0.4476805627346039,-0.05709671229124069,0.9998607635498047,0.1674005538225174,-0.2103676199913025,-0.16766460239887238,0.9909672737121582,-0.18655571341514587,-0.22355826199054718,-0.16184215247631073,0.9866920709609985,0.058555811643600464,-0.3611728250980377,-0.32436180114746094,0.9588648080825806,-0.08355143666267395,-0.34495818614959717,-0.34770527482032776,0.9582341313362122,0.013727677054703236,-0.4014604687690735,-0.3701442778110504,0.9416008591651917,-0.05276431143283844,-0.3782429099082947,-0.39792585372924805,0.9453344941139221,0.028341762721538544,-0.4508852958679199,-0.35589033365249634,0.9446633458137512,-0.04638499766588211,-0.4272354543209076,-0.37585270404815674,0.9472976922988892,0.0496617928147316,-0.39245086908340454,-0.3255020081996918,0.9418596029281616,-0.06722624599933624,-0.3684351146221161,-0.34560173749923706,0.9439089298248291,0.11603771150112152,-0.0003719138039741665,-0.0033539782743901014,0.5127220153808594,-0.1147567629814148,-0.004191122017800808,0.003460576990619302,0.547682523727417,0.14581938087940216,-0.05272909626364708,-0.08838791400194168,0.030169973149895668,-0.1408795863389969,-0.018831918016076088,-0.09100906550884247,0.039772145450115204,0.14490285515785217,0.21210697293281555,0.2165558785200119,0.00650505255907774,-0.08125028014183044,0.388896644115448,0.21172785758972168,0.008527507074177265,0.14638395607471466,0.2225533425807953,0.2371699959039688,0.004899792373180389,-0.06636013090610504,0.41068220138549805,0.24440188705921173,0.0064313532784581184,0.16419772803783417,0.2023536115884781,0.03588100150227547,0.005707843229174614,-0.0722021833062172,0.4452470541000366,0.04063411056995392,0.007067567203193903,29,1.209,0.5776599049568176,0.5831318497657776,2.539318870731222e-07,,0.5524159669876099,0.5594764351844788,-0.0020251295063644648,,0.5326752662658691,0.5225278735160828,-0.007332307286560535,,0.519894003868103,0.49296948313713074,-0.012865006923675537,,0.5109043717384338,0.4674833416938782,-0.019635086879134178,,0.5350897312164307,0.49338698387145996,-0.018246157094836235,,0.5268767476081848,0.4349277913570404,-0.030686818063259125,,0.5230517983436584,0.3951667249202728,-0.03836168348789215,,0.5199723839759827,0.36123350262641907,-0.04383200779557228,,0.5467581152915955,0.49390706419944763,-0.024700678884983063,,0.5445021390914917,0.4252060055732727,-0.03682643920183182,,0.5438544750213623,0.3797774612903595,-0.04421958327293396,,0.5436157584190369,0.3410007655620575,-0.049442388117313385,,0.5597618818283081,0.5034559965133667,-0.030925177037715912,,0.5629993081092834,0.4388292729854584,-0.0428810678422451,,0.5653771758079529,0.3984493911266327,-0.05009882524609566,,0.5669456720352173,0.3638870418071747,-0.05488814786076546,,0.57341068983078,0.5189052820205688,-0.036695338785648346,,0.579768180847168,0.4750215411186218,-0.04917047172784805,,0.5845526456832886,0.4455980360507965,-0.05515493080019951,,0.588553786277771,0.417729914188385,-0.058802973479032516,,0.49149975180625916,0.6470921635627747,2.8705676058393692e-08,,0.5197075009346008,0.6183891296386719,-0.002454031491652131,,0.5343186259269714,0.5849208831787109,-0.009552910923957825,,0.5415231585502625,0.5587329864501953,-0.01860923506319523,,0.5470238327980042,0.5358609557151794,-0.02801874838769436,,0.5221127867698669,0.5226335525512695,-0.017954498529434204,,0.5272006392478943,0.46388372778892517,-0.03217804804444313,,0.527097761631012,0.42026519775390625,-0.0407949760556221,,0.5250734090805054,0.38414400815963745,-0.04704613611102104,,0.5074506402015686,0.5300637483596802,-0.025286970660090446,,0.5350367426872253,0.5197328925132751,-0.04521798714995384,,0.5486820340156555,0.5450266599655151,-0.05108559504151344,,0.5555214285850525,0.5650874972343445,-0.052482374012470245,,0.496482253074646,0.5513638854026794,-0.03241174668073654,,0.5251522660255432,0.5518492460250854,-0.04935482516884804,,0.5363008379936218,0.5783463716506958,-0.04698442295193672,,0.5420487523078918,0.6000205278396606,-0.042446501553058624,,0.4891290068626404,0.5801794528961182,-0.04005463421344757,,0.5098613500595093,0.5741903781890869,-0.05162981152534485,,0.524779200553894,0.5827875137329102,-0.05025281757116318,,0.5373125076293945,0.5923219323158264,-0.04697248712182045,
-0.007054680958390236,-0.5942044854164124,-0.24414066970348358,0.9999169111251831,0.011277375742793083,-0.6321043372154236,-0.23534508049488068,0.9998571872711182,0.010637128725647926,-0.6316863298416138,-0.23702189326286316,0.9998552203178406,0.010946600697934628,-0.6316293478012085,-0.23453961312770844,0.9998313188552856,-0.025289632380008698,-0.6351812481880188,-0.23647840321063995,0.999873161315918,-0.023237252607941628,-0.6355118155479431,-0.2375945895910263,0.999877393245697,-0.023993849754333496,-0.6343828439712524,-0.23353055119514465,0.999866783618927,0.08392590284347534,-0.6219366788864136,-0.13799983263015747,0.9998536705970764,-0.06593780964612961,-0.6299559473991394,-0.12298524379730225,0.9998950958251953,0.01686270162463188,-0.5646520256996155,-0.21604201197624207,0.9999603629112244,-0.027668546885252,-0.5659972429275513,-0.21031741797924042,0.9999666810035706,0.17760995030403137,-0.4206691384315491,-0.07628913223743439,0.9997114539146423,-0.14613470435142517,-0.4474962651729584,-0.057073917239904404,0.9998636245727539,0.16779711842536926,-0.21032075583934784,-0.16688668727874756,0.9916283488273621,-0.18747636675834656,-0.22269481420516968,-0.16061072051525116,0.9878177642822266,0.057982753962278366,-0.3610158860683441,-0.32276836037635803,0.9627621173858643,-0.08458216488361359,-0.3411543369293213,-0.3464716672897339,0.9622209668159485,0.012439575977623463,-0.40134474635124207,-0.36898621916770935,0.9457112550735474,-0.053790267556905746,-0.37359657883644104,-0.3969540596008301,0.9493154287338257,0.026774588972330093,-0.4508512020111084,-0.35482850670814514,0.9483805298805237,-0.046943433582782745,-0.4231002628803253,-0.3749312162399292,0.950933575630188,0.04884934797883034,-0.39235711097717285,-0.32392647862434387,0.9457467198371887,-0.06805503368377686,-0.3647599518299103,-0.34445658326148987,0.9476365447044373,0.11590871959924698,-0.00033312410232611,-0.003428686410188675,0.5144021511077881,-0.11461697518825531,-0.004222039598971605,0.0035332709085196257,0.548791766166687,0.14549976587295532,-0.05219974368810654,-0.08868162333965302,0.029733894392848015,-0.14084641635417938,-0.019667547196149826,-0.09094580262899399,0.039169151335954666,0.14377787709236145,0.213134765625,0.21690747141838074,0.006431932561099529,-0.0812516137957573,0.38899579644203186,0.21228347718715668,0.008373775519430637,0.1451425850391388,0.22352264821529388,0.23753535747528076,0.004881617613136768,-0.06637636572122574,0.4109087884426117,0.24489545822143555,0.006396793294698,0.1622062474489212,0.2049075812101364,0.035992637276649475,0.005621783435344696,-0.0722423791885376,0.4455234408378601,0.04021802544593811,0.006935188081115484,30,1.251,0.5778398513793945,0.5878234505653381,2.424110334686702e-07,,0.5531608462333679,0.5635567307472229,-0.0014794421149417758,,0.533781111240387,0.5249115824699402,-0.006376342847943306,,0.5216577053070068,0.4936445951461792,-0.011546086519956589,,0.5127918124198914,0.4673466384410858,-0.017951928079128265,,0.5349617004394531,0.500336766242981,-0.01785389520227909,,0.5268539190292358,0.44205355644226074,-0.03021097369492054,,0.5236861705780029,0.401276171207428,-0.03792039304971695,,0.5212358832359314,0.36696383357048035,-0.04338957369327545,,0.5462799072265625,0.5009459853172302,-0.02455267123878002,,0.5435752272605896,0.4318554103374481,-0.0365602932870388,,0.5427535176277161,0.38544565439224243,-0.04401785880327225,,0.5421872138977051,0.3459204137325287,-0.049224842339754105,,0.5594860315322876,0.510321855545044,-0.03092380240559578,,0.5623250603675842,0.44421878457069397,-0.04272422194480896,,0.5651627779006958,0.40223491191864014,-0.05004194378852844,,0.5670017004013062,0.3663140535354614,-0.05483008548617363,,0.5735425353050232,0.5254669189453125,-0.036767590790987015,,0.5798220634460449,0.4811548590660095,-0.04902529716491699,,0.5843144655227661,0.45155346393585205,-0.054905880242586136,,0.5880548357963562,0.4239201247692108,-0.058429330587387085,,0.48750102519989014,0.6580368876457214,2.185698022572069e-08,,0.5193789601325989,0.6251474022865295,0.00024131860118359327,,0.535318911075592,0.5917419791221619,-0.006154719740152359,,0.5458565950393677,0.5681062340736389,-0.01505131646990776,,0.5536023378372192,0.5466073155403137,-0.024373674765229225,,0.5194655060768127,0.5288458466529846,-0.014517485164105892,,0.5272378325462341,0.47868382930755615,-0.02669508382678032,,0.528795063495636,0.4419892430305481,-0.034400444477796555,,0.528654158115387,0.4089118242263794,-0.040410883724689484,,0.5053386688232422,0.5364133715629578,-0.02281082794070244,,0.5349529981613159,0.532768189907074,-0.03959079086780548,,0.5483583807945251,0.5619452595710754,-0.04446644335985184,,0.5543942451477051,0.5847804546356201,-0.04629072546958923,,0.494854211807251,0.5584818720817566,-0.030730051919817924,,0.5250571370124817,0.5588566660881042,-0.04547635093331337,,0.5360850095748901,0.5863574743270874,-0.04265914484858513,,0.5412013530731201,0.6090515851974487,-0.03875591978430748,,0.4882051944732666,0.5882356762886047,-0.0389535091817379,,0.5093986392021179,0.5787372589111328,-0.049194976687431335,,0.5255849957466125,0.5860517621040344,-0.04758673906326294,,0.5391508340835571,0.596214234828949,-0.04480297863483429,
-0.005592490546405315,-0.59535151720047,-0.2495325803756714,0.9999176859855652,0.012719930149614811,-0.6331173777580261,-0.24025702476501465,0.9998590350151062,0.012075677514076233,-0.6326990127563477,-0.2419801950454712,0.9998566508293152,0.012398617342114449,-0.6326404213905334,-0.23950542509555817,0.9998332262039185,-0.023924006149172783,-0.6360976099967957,-0.24142305552959442,0.9998748302459717,-0.021873073652386665,-0.636437177658081,-0.24248327314853668,0.9998787045478821,-0.022625375539064407,-0.63531094789505,-0.23840349912643433,0.9998686909675598,0.08553946018218994,-0.6219316720962524,-0.14259639382362366,0.999855637550354,-0.0646752268075943,-0.6298813819885254,-0.12761470675468445,0.9998976588249207,0.01835307478904724,-0.5652499198913574,-0.2215954065322876,0.9999608993530273,-0.026304930448532104,-0.5664941072463989,-0.215794175863266,0.9999671578407288,0.17848587036132812,-0.4197823703289032,-0.08011574298143387,0.9997106194496155,-0.14539554715156555,-0.44600948691368103,-0.06071486324071884,0.9998634457588196,0.1720905750989914,-0.2080283761024475,-0.1680021584033966,0.9921602010726929,-0.1889176219701767,-0.2188619077205658,-0.16107861697673798,0.9887843728065491,0.05841241404414177,-0.3522526025772095,-0.32525742053985596,0.9661846160888672,-0.08598442375659943,-0.3320057690143585,-0.34688588976860046,0.9657568335533142,0.012551548890769482,-0.39035022258758545,-0.37152960896492004,0.9489766955375671,-0.054886069148778915,-0.36273109912872314,-0.3972295820713043,0.952661395072937,0.026624316349625587,-0.4398561716079712,-0.358030766248703,0.9512823224067688,-0.047530703246593475,-0.4124762713909149,-0.37561747431755066,0.9539675712585449,0.048908084630966187,-0.38294464349746704,-0.32658541202545166,0.9487467408180237,-0.06912583857774734,-0.35517406463623047,-0.3449814021587372,0.9506824612617493,0.1158311665058136,-0.0002841532987076789,-0.0034434825647622347,0.513338029384613,-0.11450441926717758,-0.0042908526957035065,0.0035515418276190758,0.5465761423110962,0.1450764536857605,-0.0517650842666626,-0.08870097249746323,0.02992865815758705,-0.14068055152893066,-0.0211851317435503,-0.09115057438611984,0.03920767828822136,0.14349491894245148,0.21609443426132202,0.21693190932273865,0.00649014487862587,-0.08062383532524109,0.3890456557273865,0.21223805844783783,0.008323858492076397,0.14484921097755432,0.22691042721271515,0.2375546395778656,0.004944596439599991,-0.06573023647069931,0.41095075011253357,0.24483177065849304,0.006423773244023323,0.16180042922496796,0.2063591480255127,0.035344723612070084,0.005645803641527891,-0.07147810608148575,0.44503021240234375,0.039810892194509506,0.006891900673508644,31,1.292,0.582116425037384,0.60101717710495,1.7591899847957393e-07,,0.5602981448173523,0.5694745779037476,-0.00011837473721243441,,0.5450654029846191,0.5272208452224731,-0.004270318429917097,,0.5389882326126099,0.49343058466911316,-0.008820774964988232,,0.535865068435669,0.4658570885658264,-0.014276220463216305,,0.5394205451011658,0.511000394821167,-0.015988804399967194,,0.5303005576133728,0.4531172513961792,-0.026800068095326424,,0.5258234143257141,0.4133397042751312,-0.03314598277211189,,0.5226823687553406,0.38057443499565125,-0.037618041038513184,,0.549041748046875,0.5130571126937866,-0.02304433286190033,,0.5435041189193726,0.4449995756149292,-0.03345266357064247,,0.5417816638946533,0.3985546827316284,-0.040066175162792206,,0.5408625602722168,0.3608621656894684,-0.04463334381580353,,0.5611152052879333,0.5231544971466064,-0.02950654737651348,,0.5619587898254395,0.45906323194503784,-0.03979944810271263,,0.5651790499687195,0.4170777499675751,-0.04636555165052414,,0.5677688121795654,0.38288411498069763,-0.05077611654996872,,0.5745527744293213,0.5389600992202759,-0.03533478453755379,,0.5791794657707214,0.498494952917099,-0.04576745629310608,,0.5832038521766663,0.4708949029445648,-0.05027199536561966,,0.5868114829063416,0.446612149477005,-0.05294806510210037,,0.4842902421951294,0.6719434857368469,2.3802558146712727e-08,,0.5152364373207092,0.6409723162651062,0.0011479923268780112,,0.5321837663650513,0.6116703748703003,-0.004104640334844589,,0.5439167022705078,0.5925617814064026,-0.01222201343625784,,0.5503436923027039,0.5756612420082092,-0.02071358636021614,,0.518995463848114,0.5457269549369812,-0.009487928822636604,,0.5264827013015747,0.4963424801826477,-0.019764220342040062,,0.5291701555252075,0.46126309037208557,-0.026601484045386314,,0.5301963686943054,0.4300835132598877,-0.03180456534028053,,0.5056082606315613,0.5532363057136536,-0.017554311081767082,,0.5339400768280029,0.5488602519035339,-0.0321207232773304,,0.5473338961601257,0.5769217014312744,-0.03685888275504112,,0.5530987977981567,0.6003888845443726,-0.038436874747276306,,0.4956972002983093,0.5736743807792664,-0.025296730920672417,,0.5243505239486694,0.5768702030181885,-0.03764640539884567,,0.5349870324134827,0.6024836897850037,-0.035214249044656754,,0.5393385887145996,0.6245859861373901,-0.031588222831487656,,0.4895975589752197,0.6011250615119934,-0.03335214778780937,,0.5116124749183655,0.5972334742546082,-0.040501389652490616,,0.5260074138641357,0.6068496704101562,-0.037729669362306595,,0.5365787744522095,0.6187688112258911,-0.034308284521102905,
-0.005552531685680151,-0.5967109799385071,-0.2534530758857727,0.9999188780784607,0.012785160914063454,-0.6344695091247559,-0.24409553408622742,0.9998611807823181,0.012140011414885521,-0.6340453028678894,-0.2458154261112213,0.9998586773872375,0.012462490238249302,-0.6339810490608215,-0.24332931637763977,0.9998356699943542,-0.02386980876326561,-0.63730388879776,-0.24480487406253815,0.9998767375946045,-0.021818865090608597,-0.6376349925994873,-0.24590125679969788,0.9998803734779358,-0.022572819143533707,-0.6365104913711548,-0.24181436002254486,0.999870777130127,0.08646144717931747,-0.6219887137413025,-0.1478310525417328,0.9998586773872375,-0.06388086080551147,-0.629823625087738,-0.13050539791584015,0.9999004602432251,0.01867223158478737,-0.5659231543540955,-0.22622808814048767,0.9999619126319885,-0.02604217454791069,-0.5670337677001953,-0.21963997185230255,0.9999679327011108,0.18019379675388336,-0.4184066355228424,-0.08669326454401016,0.999711811542511,-0.14351549744606018,-0.4445090591907501,-0.0629216879606247,0.9998646974563599,0.17362233996391296,-0.20491428673267365,-0.17510852217674255,0.9927341341972351,-0.18912258744239807,-0.21666966378688812,-0.16156543791294098,0.989707350730896,0.0582016184926033,-0.34747838973999023,-0.33211567997932434,0.969352126121521,-0.08767736703157425,-0.3248729407787323,-0.34783345460891724,0.9689936637878418,0.011278585530817509,-0.3843226432800293,-0.37881791591644287,0.952293872833252,-0.05659754201769829,-0.3528813421726227,-0.39826133847236633,0.9558765292167664,0.02479272149503231,-0.4338310658931732,-0.36565664410591125,0.954273521900177,-0.04822912812232971,-0.402363657951355,-0.377403199672699,0.9569031000137329,0.0483386404812336,-0.37800005078315735,-0.33331677317619324,0.9518839716911316,-0.0702652856707573,-0.34749889373779297,-0.346279501914978,0.9537322521209717,0.11583421379327774,-5.251216862234287e-05,-0.0038360562175512314,0.5152145624160767,-0.11449730396270752,-0.004458184819668531,0.003941851202398539,0.5482832789421082,0.14475156366825104,-0.05180813744664192,-0.09205034375190735,0.02976938895881176,-0.14146865904331207,-0.0262928307056427,-0.09185098856687546,0.03898579627275467,0.1429913192987442,0.21676112711429596,0.21685916185379028,0.0064541613683104515,-0.08063405007123947,0.38918498158454895,0.21389205753803253,0.008197076618671417,0.14435182511806488,0.22748279571533203,0.2374689280986786,0.004919756203889847,-0.06573785096406937,0.4112509787082672,0.24692367017269135,0.006387085188180208,0.15912792086601257,0.20636345446109772,0.03435385972261429,0.0055663445964455605,-0.07179161161184311,0.4449422359466553,0.040693722665309906,0.006749843247234821,32,1.334,0.582325279712677,0.6080159544944763,1.9490764202600985e-07,,0.5658045411109924,0.5719587802886963,-0.0003979346656706184,,0.5570922493934631,0.5262147784233093,-0.0055229743011295795,,0.5593998432159424,0.488744854927063,-0.011053481139242649,,0.5636897683143616,0.4597802758216858,-0.017422080039978027,,0.5409178733825684,0.5191639065742493,-0.01886909268796444,,0.5327275991439819,0.4591192901134491,-0.030778663232922554,,0.5278757810592651,0.4196147918701172,-0.03791237995028496,,0.5242471098899841,0.3872489929199219,-0.04299955070018768,,0.5486146807670593,0.5259467363357544,-0.0266586747020483,,0.5433164238929749,0.4591461718082428,-0.03802919387817383,,0.5415717959403992,0.4135255813598633,-0.045301441103219986,,0.5404052138328552,0.3772857189178467,-0.05063309147953987,,0.5596880316734314,0.5395845770835876,-0.03370644524693489,,0.5598130226135254,0.47599339485168457,-0.04438314586877823,,0.5636617541313171,0.43514248728752136,-0.05046125873923302,,0.5663549900054932,0.40290695428848267,-0.05488019436597824,,0.5723823308944702,0.5573798418045044,-0.040224310010671616,,0.5763381719589233,0.5171937346458435,-0.05023602768778801,,0.5801709890365601,0.48988455533981323,-0.05392991751432419,,0.5834047198295593,0.4673745632171631,-0.05642576515674591,,0.4829915463924408,0.6824778914451599,3.285517635731594e-08,,0.5141375064849854,0.6548808217048645,0.0007724387687630951,,0.5329384207725525,0.6255166530609131,-0.004503462463617325,,0.5464259386062622,0.605880618095398,-0.012403306551277637,,0.5549847483634949,0.5909128785133362,-0.02074519358575344,,0.5201970338821411,0.5566075444221497,-0.010577152483165264,,0.5280806422233582,0.5077206492424011,-0.021579235792160034,,0.5302812457084656,0.47056978940963745,-0.029014041647315025,,0.5305079817771912,0.4379730820655823,-0.034521494060754776,,0.506226658821106,0.5643520355224609,-0.018419984728097916,,0.534193217754364,0.5621832609176636,-0.03392057120800018,,0.5468295216560364,0.5910655856132507,-0.03887129947543144,,0.5515322685241699,0.6163506507873535,-0.04035864397883415,,0.49548301100730896,0.5861514210700989,-0.025931227952241898,,0.5247247815132141,0.5920382738113403,-0.038865409791469574,,0.5362494587898254,0.6180355548858643,-0.03665364161133766,,0.5407089591026306,0.6414161920547485,-0.033029042184352875,,0.4877752661705017,0.6152107119560242,-0.03375105559825897,,0.510442852973938,0.613800048828125,-0.04104024916887283,,0.5239589214324951,0.6235380172729492,-0.038439441472291946,,0.5333428978919983,0.6354053020477295,-0.03516950458288193,
-0.00347785372287035,-0.5967788100242615,-0.26484885811805725,0.9999189972877502,0.014654934406280518,-0.6345245242118835,-0.25552085041999817,0.9998611211776733,0.013998100534081459,-0.6340997219085693,-0.25732025504112244,0.999858558177948,0.014345156028866768,-0.6340349316596985,-0.2548307478427887,0.9998356103897095,-0.022148793563246727,-0.6373134255409241,-0.25591060519218445,0.9998767971992493,-0.020107192918658257,-0.6376471519470215,-0.25694629549980164,0.9998803734779358,-0.02084566280245781,-0.6365236639976501,-0.25287124514579773,0.9998713135719299,0.08926055580377579,-0.6217911243438721,-0.15942935645580292,0.9998582005500793,-0.06176476925611496,-0.628943920135498,-0.14122602343559265,0.9999015927314758,0.02123820222914219,-0.5659512877464294,-0.2379099726676941,0.9999620914459229,-0.02366883121430874,-0.5670291781425476,-0.23100943863391876,0.9999680519104004,0.18360964953899384,-0.4166363775730133,-0.09663048386573792,0.9997071623802185,-0.14168614149093628,-0.4434453845024109,-0.0734931081533432,0.9998636245727539,0.17506985366344452,-0.20072264969348907,-0.18181726336479187,0.9931176900863647,-0.18969547748565674,-0.21367433667182922,-0.16846050322055817,0.9904654622077942,0.05807828530669212,-0.33534401655197144,-0.3411818742752075,0.9720453023910522,-0.0876426249742508,-0.31598708033561707,-0.35980257391929626,0.9718266725540161,0.010415235534310341,-0.36937397718429565,-0.3874991834163666,0.9545602798461914,-0.05628010258078575,-0.3422280550003052,-0.41095638275146484,0.9584691524505615,0.023531604558229446,-0.41906148195266724,-0.3765789270401001,0.9562543034553528,-0.046846482902765274,-0.39195096492767334,-0.3916870653629303,0.9592463374137878,0.0479094423353672,-0.365127295255661,-0.3432374894618988,0.9538775086402893,-0.06995397806167603,-0.3379512429237366,-0.3588773310184479,0.9560362696647644,0.11585849523544312,0.00018572909175418317,-0.003849641652777791,0.5091434121131897,-0.11449971050024033,-0.004794508218765259,0.003962451126426458,0.5419531464576721,0.14254190027713776,-0.05157112702727318,-0.09395233541727066,0.031069794669747353,-0.14207664132118225,-0.02778061106801033,-0.0966024175286293,0.040300171822309494,0.1390923112630844,0.22065824270248413,0.21347534656524658,0.006749516818672419,-0.08186807483434677,0.38875842094421387,0.21094124019145966,0.008350791409611702,0.14016082882881165,0.23196499049663544,0.23397384583950043,0.005101561546325684,-0.06699572503566742,0.41059958934783936,0.24419914186000824,0.0065133897587656975,0.15609785914421082,0.20743371546268463,0.02409697324037552,0.005763669032603502,-0.0729556754231453,0.44348159432411194,0.03612542524933815,0.006855338346213102,33,1.376,0.5883082151412964,0.6125124096870422,2.806766303820041e-07,,0.5759969353675842,0.5614840388298035,-0.000192283681826666,,0.5660132169723511,0.5158774852752686,-0.0059441146440804005,,0.5648053884506226,0.4767395853996277,-0.012736812233924866,,0.5653570294380188,0.4430161714553833,-0.02071859873831272,,0.5455542802810669,0.5143958926200867,-0.015124249272048473,,0.5387157201766968,0.4618901312351227,-0.029567942023277283,,0.5350620746612549,0.42579394578933716,-0.04031304642558098,,0.5325255990028381,0.39388060569763184,-0.04809284210205078,,0.5502985119819641,0.5258975625038147,-0.024240128695964813,,0.5435053706169128,0.46897464990615845,-0.0380285382270813,,0.540022075176239,0.4297480881214142,-0.04791170358657837,,0.5369924902915955,0.39357829093933105,-0.05559244006872177,,0.558033287525177,0.5471473932266235,-0.03326249495148659,,0.560617208480835,0.4936060905456543,-0.04711917042732239,,0.5642058849334717,0.4574923515319824,-0.0543302483856678,,0.5665794610977173,0.4250182807445526,-0.05968450382351875,,0.567964494228363,0.576201856136322,-0.0419321283698082,,0.5742881298065186,0.5438874363899231,-0.054330721497535706,,0.5772685408592224,0.5177085995674133,-0.05919031798839569,,0.5784963965415955,0.4930518865585327,-0.06296814978122711,,0.480469673871994,0.6964568495750427,3.734164977231558e-08,,0.5086988806724548,0.67266446352005,-0.0023054105695337057,,0.5294926762580872,0.6501753926277161,-0.009173254482448101,,0.5445092916488647,0.6409942507743835,-0.018277524039149284,,0.5547264814376831,0.6357789635658264,-0.027235040441155434,,0.5221621990203857,0.5740233659744263,-0.010970120318233967,,0.5268941521644592,0.5223344564437866,-0.02301647514104843,,0.5280038118362427,0.4846441447734833,-0.03153885900974274,,0.5279030799865723,0.45187777280807495,-0.03768341615796089,,0.5088685750961304,0.5795280337333679,-0.017262248322367668,,0.5344592332839966,0.5877029895782471,-0.03385710343718529,,0.5451124906539917,0.6174278855323792,-0.039442047476768494,,0.549089789390564,0.6409547924995422,-0.040751177817583084,,0.49737563729286194,0.598738968372345,-0.02366974763572216,,0.5254312753677368,0.6255711317062378,-0.03562391176819801,,0.533285915851593,0.6505884528160095,-0.03285939246416092,,0.5338240265846252,0.668636679649353,-0.028620315715670586,,0.4884364604949951,0.6245448589324951,-0.03097999282181263,,0.5123788714408875,0.6452473998069763,-0.03588549792766571,,0.5197269916534424,0.66070157289505,-0.0317971408367157,,0.5217320919036865,0.6708908677101135,-0.02737901359796524,
-0.0023552137427031994,-0.5977827310562134,-0.271846204996109,0.9999188184738159,0.015336698852479458,-0.635575532913208,-0.26246291399002075,0.9998607039451599,0.014675984159111977,-0.6351534724235535,-0.26432543992996216,0.9998579621315002,0.015040946193039417,-0.6350852251052856,-0.26186487078666687,0.9998350143432617,-0.021523917093873024,-0.6381707191467285,-0.26276668906211853,0.9998767971992493,-0.01949300430715084,-0.6385313272476196,-0.2637270390987396,0.9998804330825806,-0.020220186561346054,-0.637414813041687,-0.259655624628067,0.9998720288276672,0.09062845259904861,-0.622173547744751,-0.166351318359375,0.9998557567596436,-0.06068717688322067,-0.6289534568786621,-0.14817528426647186,0.9999024271965027,0.022802475839853287,-0.5668617486953735,-0.24507129192352295,0.9999618530273438,-0.02215074561536312,-0.5676935911178589,-0.2381933033466339,0.9999679923057556,0.18573309481143951,-0.4152086675167084,-0.10218677669763565,0.9997013807296753,-0.14085768163204193,-0.44321733713150024,-0.08142567425966263,0.9998631477355957,0.17496712505817413,-0.19321367144584656,-0.18397465348243713,0.9933238625526428,-0.1912112534046173,-0.2092164307832718,-0.17188654839992523,0.991083562374115,0.05796718969941139,-0.3174351751804352,-0.346740186214447,0.9743557572364807,-0.08744189888238907,-0.3037341237068176,-0.36628779768943787,0.9743099808692932,0.010228002443909645,-0.3495577275753021,-0.392505019903183,0.9563668370246887,-0.055385034531354904,-0.32853320240974426,-0.41777342557907104,0.960624635219574,0.02338799647986889,-0.39957883954048157,-0.3841492533683777,0.9578477144241333,-0.04478466883301735,-0.3787469267845154,-0.3994469940662384,0.9612151384353638,0.047776851803064346,-0.3467665910720825,-0.3499363660812378,0.9554092884063721,-0.06931250542402267,-0.3253715932369232,-0.3655024468898773,0.9578759670257568,0.11586212366819382,0.00022471859119832516,-0.0034624335821717978,0.4991219639778137,-0.11449375003576279,-0.004941742867231369,0.0036909175105392933,0.5324500799179077,0.1420595347881317,-0.049688905477523804,-0.09240862727165222,0.03251592069864273,-0.14203554391860962,-0.02516627125442028,-0.09680560231208801,0.042314186692237854,0.13875247538089752,0.2208014279603958,0.21747545897960663,0.007040902506560087,-0.0823892280459404,0.38781988620758057,0.21079878509044647,0.008579798974096775,0.13978630304336548,0.23215627670288086,0.238929882645607,0.0053548491559922695,-0.06744126230478287,0.4088749885559082,0.24413809180259705,0.006685261614620686,0.15641885995864868,0.20730844140052795,0.026958700269460678,0.006007773336023092,-0.07282187044620514,0.4420853853225708,0.0361190102994442,0.007061068434268236,34,1.418,0.5862818956375122,0.6421453356742859,2.8528535267469124e-07,,0.5523682236671448,0.608697772026062,-0.00011579420242924243,,0.5376850366592407,0.5666136741638184,-0.005663085728883743,,0.5305455923080444,0.5333421230316162,-0.012552780099213123,,0.5262315273284912,0.5038686394691467,-0.020644506439566612,,0.5492488741874695,0.5331811308860779,-0.016912929713726044,,0.5433248281478882,0.479570209980011,-0.03203423693776131,,0.5390175580978394,0.445900559425354,-0.04251987859606743,,0.5364009737968445,0.41552233695983887,-0.050066735595464706,,0.5587087273597717,0.5440509915351868,-0.02632807567715645,,0.5535333156585693,0.4906562566757202,-0.04363292083144188,,0.5492923855781555,0.4524412155151367,-0.055842652916908264,,0.5452814698219299,0.41680312156677246,-0.06457741558551788,,0.5680394768714905,0.5644105076789856,-0.03534584492444992,,0.5699559450149536,0.5235522389411926,-0.052024587988853455,,0.5685831308364868,0.49195459485054016,-0.06198733672499657,,0.5655503273010254,0.46255987882614136,-0.06871937960386276,,0.5748506784439087,0.5942829251289368,-0.04387860745191574,,0.5779221653938293,0.5704048871994019,-0.057550884783267975,,0.577511727809906,0.5539351105690002,-0.06403464823961258,,0.5757154822349548,0.5357568264007568,-0.06897800415754318,,0.4761541485786438,0.7150557041168213,1.0742179767930793e-07,,0.5039189457893372,0.6944938898086548,-0.0029924623668193817,,0.5270758271217346,0.6769988536834717,-0.009438459761440754,,0.5432182550430298,0.6733937859535217,-0.01815495453774929,,0.5518093109130859,0.6657904982566833,-0.026659725233912468,,0.5225164294242859,0.6046075820922852,-0.010066656395792961,,0.5247336030006409,0.5523781180381775,-0.023058228194713593,,0.5250064730644226,0.5227484107017517,-0.032450754195451736,,0.5236604809761047,0.4948280155658722,-0.038531914353370667,,0.5108401775360107,0.6095792055130005,-0.017137138172984123,,0.5243297219276428,0.582391083240509,-0.03019814006984234,,0.5310634970664978,0.5615653395652771,-0.03787614777684212,,0.5349434614181519,0.5389961004257202,-0.04232868179678917,,0.4987461268901825,0.6267671585083008,-0.02486792765557766,,0.5212207436561584,0.6488577723503113,-0.039143338799476624,,0.5265805721282959,0.6707943081855774,-0.04207224026322365,,0.525596022605896,0.680672287940979,-0.04112512990832329,,0.48765403032302856,0.6534402966499329,-0.033019132912158966,,0.5076882839202881,0.6781318783760071,-0.04186977073550224,,0.5170096158981323,0.6950784921646118,-0.04124356433749199,,0.5209500193595886,0.7049300670623779,-0.03884585574269295,
-0.003269187407568097,-0.5974016785621643,-0.2764833867549896,0.9999136924743652,0.013704228214919567,-0.6354234218597412,-0.2664259672164917,0.9998517036437988,0.013039655983448029,-0.6350064873695374,-0.2682783901691437,0.999848484992981,0.013423848897218704,-0.6349355578422546,-0.26580607891082764,0.9998238682746887,-0.023706328123807907,-0.6378310322761536,-0.2662769854068756,0.9998711347579956,-0.021677255630493164,-0.6382079720497131,-0.2672301232814789,0.9998758435249329,-0.022384822368621826,-0.6370999217033386,-0.263154536485672,0.9998683333396912,0.09063650667667389,-0.622196614742279,-0.16914092004299164,0.9998409152030945,-0.06170220300555229,-0.628223180770874,-0.14944685995578766,0.999899685382843,0.022763455286622047,-0.5667207837104797,-0.24945157766342163,0.9999591708183289,-0.022409357130527496,-0.5672606825828552,-0.24207532405853271,0.999966561794281,0.1880757361650467,-0.41468313336372375,-0.10459719598293304,0.9996792078018188,-0.1411769539117813,-0.4411133825778961,-0.08071506768465042,0.9998614192008972,0.17362068593502045,-0.18793728947639465,-0.18775662779808044,0.9934903383255005,-0.20022320747375488,-0.1976255476474762,-0.16785840690135956,0.9915822148323059,0.03755255043506622,-0.2994246780872345,-0.36226531863212585,0.9764204025268555,-0.10124524682760239,-0.25132930278778076,-0.37240850925445557,0.9764060378074646,-0.017073146998882294,-0.32612287998199463,-0.4118466079235077,0.9579325914382935,-0.0713765099644661,-0.2650735676288605,-0.42700833082199097,0.9620113968849182,-0.007291298359632492,-0.380840003490448,-0.40664681792259216,0.959275484085083,-0.05701158195734024,-0.3157484531402588,-0.4144057631492615,0.9625916481018066,0.024585731327533722,-0.32932910323143005,-0.3671591877937317,0.9566488265991211,-0.0814853087067604,-0.2709117829799652,-0.3740224838256836,0.9591063857078552,0.11585887521505356,0.00011735406587831676,-0.002465016208589077,0.48843827843666077,-0.11449462920427322,-0.0049199932254850864,0.002801296068355441,0.524392306804657,0.13943105936050415,-0.04500459134578705,-0.09406023472547531,0.03331809118390083,-0.14199864864349365,-0.005409962963312864,-0.09846153110265732,0.04405999928712845,0.13154290616512299,0.22861561179161072,0.21428360044956207,0.007349570747464895,-0.09296385943889618,0.39159056544303894,0.19300808012485504,0.009011871181428432,0.13244928419589996,0.2412453293800354,0.23559346795082092,0.005774413701146841,-0.07876143604516983,0.41250497102737427,0.22371934354305267,0.006955036893486977,0.15627935528755188,0.21682271361351013,0.025158774107694626,0.006348996888846159,-0.07638929039239883,0.44731974601745605,0.017724525183439255,0.007465456612408161,35,1.459,,,,,,,,,,,,,,,,,,,,,,,,,,,,,,,,,,,,,,,,,,,,,,,,,,,,,,,,,,,,,,,,,,,,,,,,,,,,,,,,,,,,,,,,,,,,,,,,,,,,,,,,,,,,,,,,,,,,,,,,,,,,,,,,,,,,,,,,,,,,,,,,,,,,,,,,,,,,,,,,,,,,,,,,
-0.00817127525806427,-0.604811429977417,-0.2734569013118744,0.9999091029167175,0.009051280096173286,-0.6431507468223572,-0.2622576951980591,0.9998422265052795,0.008403925225138664,-0.6427723169326782,-0.2641013562679291,0.9998383522033691,0.00877591222524643,-0.6427193284034729,-0.2616661787033081,0.9998128414154053,-0.028895528987050056,-0.6456620693206787,-0.2608385384082794,0.9998652338981628,-0.02686331793665886,-0.6461181044578552,-0.261776328086853,0.9998713135719299,-0.0275568850338459,-0.645063042640686,-0.25771427154541016,0.9998646378517151,0.09041135758161545,-0.6289617419242859,-0.1639900952577591,0.9998251795768738,-0.0633823424577713,-0.635433554649353,-0.1396564096212387,0.9998959898948669,0.020324256271123886,-0.5739808678627014,-0.24649563431739807,0.9999551177024841,-0.02549094893038273,-0.5744908452033997,-0.23779362440109253,0.9999641180038452,0.18931043148040771,-0.4182925224304199,-0.10415773838758469,0.9996472001075745,-0.1416655331850052,-0.4455001950263977,-0.06558380275964737,0.9998562335968018,0.1775471270084381,-0.188452810049057,-0.18684713542461395,0.9937793612480164,-0.21476173400878906,-0.19826531410217285,-0.13866598904132843,0.991918683052063,0.03822483494877815,-0.27755099534988403,-0.3596229553222656,0.9783841371536255,-0.13418316841125488,-0.2219921052455902,-0.3680185079574585,0.9781295657157898,-0.016218768432736397,-0.2946980595588684,-0.4098707437515259,0.9600045680999756,-0.11105204373598099,-0.22270138561725616,-0.4258755147457123,0.962807297706604,-0.00956280529499054,-0.3488902449607849,-0.40715891122817993,0.9612747430801392,-0.09251276403665543,-0.26930689811706543,-0.41137027740478516,0.9635097980499268,0.024529650807380676,-0.30514857172966003,-0.36517205834388733,0.9585686922073364,-0.1137692779302597,-0.23746615648269653,-0.37354281544685364,0.960019052028656,0.11574312299489975,-6.541785114677623e-05,-0.002421686425805092,0.4874568283557892,-0.11446516960859299,-0.004885743837803602,0.002774180844426155,0.5244607329368591,0.13536152243614197,-0.02549424208700657,-0.09385421127080917,0.034402936697006226,-0.14167043566703796,0.03325246647000313,-0.09807289391756058,0.04596956819295883,0.12571404874324799,0.2433471530675888,0.2069079428911209,0.007659104652702808,-0.10091547667980194,0.40464162826538086,0.18030649423599243,0.00956154614686966,0.12605872750282288,0.2565222382545471,0.22744715213775635,0.006076000165194273,-0.08798439055681229,0.425693154335022,0.20839998126029968,0.0072581772692501545,0.15442676842212677,0.23998233675956726,0.024169163778424263,0.0067298575304448605,-0.08764753490686417,0.46516409516334534,0.009508424438536167,0.008027785457670689,36,1.501,,,,,,,,,,,,,,,,,,,,,,,,,,,,,,,,,,,,,,,,,,,,,,,,,,,,,,,,,,,,,,,,,,,,,,,,,,,,,,,,,,,,,0.45831629633903503,0.8552837371826172,-8.590183142587193e-08,,0.45948073267936707,0.8121068477630615,-0.010085195302963257,,0.4699614644050598,0.7649659514427185,-0.018282972276210785,,0.4799409806728363,0.7273958921432495,-0.025233935564756393,,0.48567479848861694,0.6968296766281128,-0.03239170089364052,,0.4732587933540344,0.7988173365592957,-0.024248355999588966,,0.48620113730430603,0.7765665054321289,-0.03773742914199829,,0.4868703782558441,0.7651547193527222,-0.046026650816202164,,0.4863898754119873,0.7545718550682068,-0.05051548779010773,,0.4797241687774658,0.8248371481895447,-0.024128340184688568,,0.4929511547088623,0.8037468194961548,-0.03646909445524216,,0.49447256326675415,0.7948035001754761,-0.041402462869882584,,0.4929615259170532,0.7904857993125916,-0.044851161539554596,,0.4867536723613739,0.8494197726249695,-0.024222636595368385,,0.5009462833404541,0.8287714123725891,-0.03635234758257866,,0.5017378926277161,0.8193687796592712,-0.03763458505272865,,0.49857285618782043,0.8140044212341309,-0.03729019686579704,,0.49365195631980896,0.8697115182876587,-0.02457694336771965,,0.5082835555076599,0.8534923791885376,-0.03325736150145531,,0.5116437673568726,0.8452863693237305,-0.033465929329395294,,0.511313259601593,0.8398565053939819,-0.032832592725753784,
-0.01759639009833336,-0.6303662657737732,-0.2615611255168915,0.9998898506164551,0.0016890265978872776,-0.6669402122497559,-0.2484792172908783,0.9998076558113098,0.0011163660092279315,-0.6666148900985718,-0.25026455521583557,0.9998029470443726,0.0014584794407710433,-0.666627049446106,-0.2479330599308014,0.9997749328613281,-0.03677031025290489,-0.6702130436897278,-0.24754326045513153,0.9998379945755005,-0.03471077233552933,-0.6707503199577332,-0.24848532676696777,0.9998473525047302,-0.03540872037410736,-0.669769823551178,-0.24446898698806763,0.9998409152030945,0.08483259379863739,-0.645774245262146,-0.14606940746307373,0.9997755289077759,-0.07287105917930603,-0.6553805470466614,-0.12494276463985443,0.9998739957809448,0.010109987109899521,-0.5973004102706909,-0.23308104276657104,0.9999380707740784,-0.03659072518348694,-0.5984826683998108,-0.22545340657234192,0.9999526143074036,0.18458032608032227,-0.43304574489593506,-0.0953328013420105,0.9995803833007812,-0.15578493475914001,-0.4621243476867676,-0.052028726786375046,0.9998295307159424,0.19142942130565643,-0.19915233552455902,-0.1730177253484726,0.9939447045326233,-0.22835120558738708,-0.21932731568813324,-0.10024278610944748,0.991832971572876,0.04728558287024498,-0.234659805893898,-0.3484356701374054,0.9799169301986694,-0.15911947190761566,-0.17827703058719635,-0.3048724830150604,0.9787307381629944,-0.004766480997204781,-0.23498518764972687,-0.4058822989463806,0.9611042141914368,-0.1408715695142746,-0.15833371877670288,-0.361681193113327,0.9605120420455933,-0.006089024245738983,-0.2846529185771942,-0.4029894173145294,0.9624118804931641,-0.11952531337738037,-0.19730758666992188,-0.3666616976261139,0.9616889357566833,0.028769170865416527,-0.25639545917510986,-0.3589741885662079,0.9596232175827026,-0.13883331418037415,-0.1862640380859375,-0.3145105242729187,0.9584804177284241,0.1156601831316948,-0.0006042253226041794,-0.0023414576426148415,0.498343825340271,-0.11447573453187943,-0.004708355758339167,0.002709871856495738,0.5338394045829773,0.13360542058944702,-0.011266150511801243,-0.07090107351541519,0.035743631422519684,-0.1371387094259262,0.08019319176673889,-0.0877332016825676,0.047344837337732315,0.12568259239196777,0.2535848617553711,0.20688843727111816,0.007925390265882015,-0.10533081740140915,0.42142823338508606,0.1754089593887329,0.010054324753582478,0.12597772479057312,0.26751160621643066,0.22696277499198914,0.006207854487001896,-0.09448481351137161,0.4426563084125519,0.20082725584506989,0.007482172455638647,0.1559770703315735,0.2632221579551697,0.033916085958480835,0.007166365627199411,-0.09922701865434647,0.4876813292503357,0.009807600639760494,0.008689919486641884,37,1.543,,,,,,,,,,,,,,,,,,,,,,,,,,,,,,,,,,,,,,,,,,,,,,,,,,,,,,,,,,,,,,,,,,,,,,,,,,,,,,,,,,,,,,,,,,,,,,,,,,,,,,,,,,,,,,,,,,,,,,,,,,,,,,,,,,,,,,,,,,,,,,,,,,,,,,,,,,,,,,,,,,,,,,,,
-0.012600860558450222,-0.635768473148346,-0.2536712884902954,0.9998672008514404,0.0053648389875888824,-0.6725277900695801,-0.24018187820911407,0.9997755289077759,0.004811275750398636,-0.6722092032432556,-0.24217413365840912,0.9997742176055908,0.005195763893425465,-0.6722660660743713,-0.2398940473794937,0.9997451901435852,-0.03291358798742294,-0.6746215224266052,-0.23998525738716125,0.9998000264167786,-0.030856696888804436,-0.6752375364303589,-0.2406444400548935,0.9998095631599426,-0.031510092318058014,-0.6742830276489258,-0.2366090714931488,0.9997999668121338,0.08650565147399902,-0.6506540775299072,-0.139224573969841,0.9997350573539734,-0.07101929932832718,-0.6562513113021851,-0.12086085230112076,0.9998354315757751,0.014129137620329857,-0.6030206680297852,-0.22581875324249268,0.9999215602874756,-0.0320504866540432,-0.6027571558952332,-0.21917366981506348,0.9999351501464844,0.18459346890449524,-0.43936166167259216,-0.09259841591119766,0.9995442032814026,-0.15469852089881897,-0.4609965682029724,-0.05286315083503723,0.9997650980949402,0.20357361435890198,-0.201636403799057,-0.16157634556293488,0.9930623173713684,-0.2229672521352768,-0.21820290386676788,-0.08767785876989365,0.9902178049087524,0.07181571424007416,-0.14755022525787354,-0.34148815274238586,0.9791024327278137,-0.15489841997623444,-0.11849436163902283,-0.2635774612426758,0.9760470986366272,0.02861287072300911,-0.12182914465665817,-0.39695316553115845,0.9575463533401489,-0.13752566277980804,-0.08362089097499847,-0.3128855228424072,0.9526525735855103,0.010502164252102375,-0.15618586540222168,-0.40067237615585327,0.9592680335044861,-0.10305225104093552,-0.11955274641513824,-0.3220519423484802,0.9548489451408386,0.04979271441698074,-0.15675607323646545,-0.35501596331596375,0.955977201461792,-0.12896305322647095,-0.12115082889795303,-0.2727394998073578,0.9513837099075317,0.11494708061218262,-0.0008235147106461227,-0.001880579860880971,0.4990478754043579,-0.11384057998657227,-0.004726544953882694,0.002468088874593377,0.5296025276184082,0.1288054883480072,0.0015749066369608045,-0.06529678404331207,0.041595183312892914,-0.13162371516227722,0.06966625154018402,-0.09126821905374527,0.054444171488285065,0.12316680699586868,0.2674381136894226,0.2020152360200882,0.008962564170360565,-0.10446090996265411,0.425521582365036,0.15278495848178864,0.011980331502854824,0.12324517965316772,0.2828938961029053,0.22177168726921082,0.006700695492327213,-0.09284400939941406,0.44561031460762024,0.178548201918602,0.00839224923402071,0.1567796915769577,0.2714564800262451,0.03094123676419258,0.008415281772613525,-0.09731892496347427,0.485032320022583,-0.005835103336721659,0.010661414824426174,38,1.584,0.6057664752006531,1.0079092979431152,1.5894579519226681e-07,,0.585297703742981,0.9757622480392456,0.0022988992277532816,,0.5725352168083191,0.9320071935653687,-0.0011669399682432413,,0.5689914226531982,0.8954525589942932,-0.0052533200941979885,,0.5706701874732971,0.8678444027900696,-0.009728611446917057,,0.57011479139328,0.9309329390525818,-0.012371404096484184,,0.5620376467704773,0.8768662810325623,-0.02054692804813385,,0.5590882301330566,0.8412582874298096,-0.024662304669618607,,0.5572649240493774,0.8150380253791809,-0.026850393041968346,,0.5818219184875488,0.9332807064056396,-0.01808866858482361,,0.5765818357467651,0.8745173811912537,-0.02503347024321556,,0.5746870040893555,0.8382475972175598,-0.02693088725209236,,0.5731525421142578,0.8118665814399719,-0.028154974803328514,,0.596997857093811,0.9377646446228027,-0.02307342365384102,,0.5908506512641907,0.8821726441383362,-0.028821174055337906,,0.5885254740715027,0.8479418158531189,-0.02856190875172615,,0.5869969129562378,0.8235898017883301,-0.028293903917074203,,0.614644467830658,0.943013608455658,-0.027606461197137833,,0.6106016635894775,0.8998237252235413,-0.031121522188186646,,0.6082068681716919,0.8720723390579224,-0.02962356247007847,,0.6061807870864868,0.8522002696990967,-0.02838616631925106,,,,,,,,,,,,,,,,,,,,,,,,,,,,,,,,,,,,,,,,,,,,,,,,,,,,,,,,,,,,,,,,,,,,,,,,,,,,,,,,,,,,,
-0.008604013361036777,-0.6385575532913208,-0.2661548852920532,0.9997879266738892,0.01029075775295496,-0.6740037798881531,-0.25375896692276,0.9996419548988342,0.009815691970288754,-0.6736749410629272,-0.2557726800441742,0.999659538269043,0.010274510830640793,-0.6737127900123596,-0.25380510091781616,0.999614953994751,-0.027059761807322502,-0.6759312748908997,-0.25370967388153076,0.9996628761291504,-0.025005707517266273,-0.6766115427017212,-0.2537606954574585,0.9996886253356934,-0.025615232065320015,-0.6756642460823059,-0.24982517957687378,0.999660074710846,0.08891662210226059,-0.6487724184989929,-0.1591632217168808,0.9995965361595154,-0.06388631463050842,-0.6542258858680725,-0.13706736266613007,0.999682605266571,0.01573299802839756,-0.6045508980751038,-0.2399543821811676,0.9998701214790344,-0.028908010572195053,-0.6039634943008423,-0.23290838301181793,0.9998790621757507,0.18297703564167023,-0.43866831064224243,-0.11023435741662979,0.9994307160377502,-0.14751659333705902,-0.4585348665714264,-0.08440748602151871,0.9996111392974854,0.20779573917388916,-0.20188038051128387,-0.13347895443439484,0.9796870946884155,-0.18882174789905548,-0.21727536618709564,-0.0916886180639267,0.9715463519096375,0.14649993181228638,-0.050170186907052994,-0.2535479962825775,0.9203717708587646,-0.14452846348285675,-0.0813692957162857,-0.23463892936706543,0.9203283190727234,0.13072803616523743,0.004811502527445555,-0.2855823338031769,0.894250750541687,-0.12683603167533875,-0.032841503620147705,-0.2655966579914093,0.8933972120285034,0.10199959576129913,-0.005164972972124815,-0.3237304091453552,0.9034596085548401,-0.10566338151693344,-0.0433693453669548,-0.29238763451576233,0.9019904136657715,0.12403573840856552,-0.04225119948387146,-0.2754441797733307,0.8972356915473938,-0.12275863438844681,-0.07059138268232346,-0.2495497167110443,0.8957797884941101,0.1107492595911026,-0.0022577561903744936,-0.0018574973801150918,0.4653630256652832,-0.1097368448972702,-0.0043458170257508755,0.0025395366828888655,0.4936320185661316,0.11183676868677139,-0.001366575830616057,-0.05504672974348068,0.05089135095477104,-0.09985681623220444,0.09674669802188873,-0.10053492337465286,0.06462112069129944,0.13809336721897125,0.2709072530269623,0.2009543627500534,0.010672531090676785,-0.09041932970285416,0.44242343306541443,0.15053318440914154,0.01563084125518799,0.14015111327171326,0.2879756987094879,0.22177354991436005,0.007304009050130844,-0.08552788943052292,0.46060967445373535,0.18139000236988068,0.009952136315405369,0.1850055307149887,0.2679327130317688,0.025164684280753136,0.010530904866755009,-0.09769964963197708,0.4837540090084076,-0.0028178314678370953,0.01400546170771122,39,1.626,,,,,,,,,,,,,,,,,,,,,,,,,,,,,,,,,,,,,,,,,,,,,,,,,,,,,,,,,,,,,,,,,,,,,,,,,,,,,,,,,,,,,,,,,,,,,,,,,,,,,,,,,,,,,,,,,,,,,,,,,,,,,,,,,,,,,,,,,,,,,,,,,,,,,,,,,,,,,,,,,,,,,,,,
-0.010680428706109524,-0.636138916015625,-0.276190847158432,0.9997515082359314,0.00885814893990755,-0.6716893911361694,-0.2648315131664276,0.999574601650238,0.008423542603850365,-0.6713466644287109,-0.2667054533958435,0.9996021389961243,0.008905267342925072,-0.6713645458221436,-0.26489174365997314,0.9995418190956116,-0.028213631361722946,-0.6737603545188904,-0.2650439739227295,0.999599814414978,-0.026141617447137833,-0.6744194626808167,-0.2649651765823364,0.9996349215507507,-0.026745904237031937,-0.6734573841094971,-0.26109227538108826,0.9995908737182617,0.08684814721345901,-0.6480830311775208,-0.17286020517349243,0.9995223879814148,-0.0645110160112381,-0.6534973382949829,-0.1487489938735962,0.9996095895767212,0.012301534414291382,-0.6024045348167419,-0.25040897727012634,0.9998421669006348,-0.03146042674779892,-0.6019783616065979,-0.24317792057991028,0.9998522400856018,0.17698858678340912,-0.43764427304267883,-0.11977281421422958,0.9993002414703369,-0.14799454808235168,-0.4546521306037903,-0.10003776848316193,0.9994874000549316,0.2088286429643631,-0.19296158850193024,-0.12811677157878876,0.9549072980880737,-0.1811884045600891,-0.21470192074775696,-0.09878718852996826,0.9461981058120728,0.1917056441307068,-0.003774649230763316,-0.24375513195991516,0.8464550971984863,-0.16287754476070404,-0.0548139326274395,-0.24209825694561005,0.8517699837684631,0.1902788132429123,0.05726315453648567,-0.27408334612846375,0.8208696842193604,-0.15859323740005493,-0.0009768240852281451,-0.2698897421360016,0.8246889710426331,0.16132600605487823,0.05527818575501442,-0.3178621530532837,0.8357329368591309,-0.14810658991336823,0.0013699006522074342,-0.3019026517868042,0.8385237455368042,0.17174795269966125,0.00908623542636633,-0.26827818155288696,0.8279370665550232,-0.14908424019813538,-0.03717649728059769,-0.25949567556381226,0.8309882879257202,0.10845021158456802,-0.004773528315126896,-0.0016316609689965844,0.42774438858032227,-0.10766436904668808,-0.0031674832571297884,0.0025038195308297873,0.45495331287384033,0.0987839326262474,-0.010549098253250122,-0.037710584700107574,0.053322434425354004,-0.09404239058494568,0.10913189500570297,-0.10690975934267044,0.06728030741214752,0.14943714439868927,0.2591092884540558,0.20933644473552704,0.011028706096112728,-0.0904921218752861,0.4436348080635071,0.1540265828371048,0.016910027712583542,0.15255506336688995,0.27611592411994934,0.23293118178844452,0.007378653157502413,-0.08726398646831512,0.460730642080307,0.1863027811050415,0.01054640207439661,0.20086482167243958,0.24830934405326843,0.026842141523957253,0.011307686567306519,-0.1127576231956482,0.481702595949173,-0.0005416254280135036,0.015333432704210281,40,1.668,,,,,,,,,,,,,,,,,,,,,,,,,,,,,,,,,,,,,,,,,,,,,,,,,,,,,,,,,,,,,,,,,,,,,,,,,,,,,,,,,,,,,,,,,,,,,,,,,,,,,,,,,,,,,,,,,,,,,,,,,,,,,,,,,,,,,,,,,,,,,,,,,,,,,,,,,,,,,,,,,,,,,,,,
